0,-1,895.56024,144.18983,41.48163,115.37367,0.9988508,-1,-1,-1
0,-1,1108.4374,138.92987,44.259033,110.682434,0.9977362,-1,-1,-1
0,-1,1005.3206,140.41383,54.53778,111.98187,0.9942285,-1,-1,-1
0,-1,1043.4742,137.05614,45.26892,112.71321,0.9928826,-1,-1,-1
0,-1,952.3241,141.39047,47.868774,115.59906,0.99243426,-1,-1,-1
0,-1,934.2971,145.44113,23.00708,46.78653,0.8976474,-1,-1,-1
0,-1,498.04813,172.5468,13.342377,37.198807,0.86211663,-1,-1,-1
0,-1,319.27756,172.79752,16.908752,17.381363,0.70431525,-1,-1,-1
0,-1,705.8827,159.61827,11.360291,35.36107,0.6984291,-1,-1,-1
0,-1,300.09735,172.11081,18.620941,16.45343,0.61856574,-1,-1,-1
0,-1,690.362,161.82135,11.534668,31.42566,0.510113,-1,-1,-1
1,-1,901.1243,147.79611,44.96295,110.37311,0.998447,-1,-1,-1
1,-1,1116.6024,141.57579,52.046875,110.2538,0.99818593,-1,-1,-1
1,-1,1056.3804,138.133,43.481934,115.35246,0.99707127,-1,-1,-1
1,-1,1016.91345,138.67017,48.884277,113.561356,0.99513775,-1,-1,-1
1,-1,956.4,144.6752,56.7677,116.48349,0.99398756,-1,-1,-1
1,-1,496.2134,172.77406,13.969391,39.43309,0.90313715,-1,-1,-1
1,-1,939.94586,145.88963,23.026367,50.51364,0.8712673,-1,-1,-1
1,-1,708.0917,159.95256,12.369812,36.48665,0.86401725,-1,-1,-1
1,-1,297.96,170.7582,18.929474,19.10112,0.819383,-1,-1,-1
1,-1,317.31613,173.117,18.292358,18.334427,0.75695103,-1,-1,-1
1,-1,684.8276,158.54977,21.785461,51.90309,0.71547097,-1,-1,-1
2,-1,903.8931,145.53683,40.824463,118.02762,0.9988412,-1,-1,-1
2,-1,1129.0605,143.876,52.81775,116.246,0.9981982,-1,-1,-1
2,-1,1061.6675,142.54893,46.825073,112.553925,0.9949517,-1,-1,-1
2,-1,968.06116,147.47958,55.11841,117.28348,0.9938705,-1,-1,-1
2,-1,1021.5529,141.93707,43.611633,115.247284,0.9928074,-1,-1,-1
2,-1,944.3833,146.4731,25.163452,69.790375,0.9767263,-1,-1,-1
2,-1,495.14825,175.61252,14.477112,39.128784,0.94127625,-1,-1,-1
2,-1,294.89,171.33408,19.508911,20.06517,0.8089789,-1,-1,-1
2,-1,678.70764,161.62247,15.688232,38.858963,0.70079744,-1,-1,-1
2,-1,708.617,162.0568,12.694824,37.75804,0.5554529,-1,-1,-1
2,-1,313.98032,173.6667,20.588776,19.467392,0.54235774,-1,-1,-1
3,-1,1144.8931,143.83829,41.813965,116.279816,0.9990451,-1,-1,-1
3,-1,909.718,147.01028,42.249634,122.44519,0.9983354,-1,-1,-1
3,-1,1072.2373,139.82632,43.65222,118.78357,0.99698406,-1,-1,-1
3,-1,979.3408,146.68114,49.421387,117.71886,0.9926513,-1,-1,-1
3,-1,1026.8274,144.41756,44.89685,117.46025,0.991163,-1,-1,-1
3,-1,949.103,147.18222,24.908325,70.78963,0.9676001,-1,-1,-1
3,-1,493.38672,174.77226,15.073212,42.363647,0.91369903,-1,-1,-1
3,-1,292.0913,171.20421,19.520111,21.478622,0.8671032,-1,-1,-1
3,-1,311.54108,174.29335,18.118713,20.015884,0.60468847,-1,-1,-1
4,-1,912.79193,150.51219,48.365234,121.09102,0.99867225,-1,-1,-1
4,-1,1157.5831,143.05727,39.284668,121.66954,0.99822444,-1,-1,-1
4,-1,1087.8011,140.17107,39.904785,121.74638,0.9979584,-1,-1,-1
4,-1,1033.8242,144.93161,50.49182,119.983246,0.9974868,-1,-1,-1
4,-1,989.5419,143.43034,45.54492,126.05467,0.9954189,-1,-1,-1
4,-1,953.4666,147.13469,24.633057,70.27382,0.9436774,-1,-1,-1
4,-1,683.5812,164.6322,14.806885,38.506577,0.9175626,-1,-1,-1
4,-1,489.2721,172.56549,17.93811,47.181,0.8972047,-1,-1,-1
4,-1,289.26758,173.0664,19.947205,20.30307,0.8323047,-1,-1,-1
4,-1,309.0274,175.97446,31.501495,33.14322,0.69515395,-1,-1,-1
4,-1,849.7033,177.2932,9.587402,22.860611,0.60900074,-1,-1,-1
4,-1,308.1945,175.59131,22.488983,23.98143,0.56320363,-1,-1,-1
5,-1,923.42737,152.79314,48.18036,118.52803,0.99779344,-1,-1,-1
5,-1,1040.2218,144.8507,60.73059,124.34834,0.9967344,-1,-1,-1
5,-1,1156.6388,144.54071,64.77283,120.498474,0.99656844,-1,-1,-1
5,-1,998.2435,144.69339,47.16394,128.18347,0.9925547,-1,-1,-1
5,-1,1092.1039,141.43861,48.014038,120.68996,0.9913908,-1,-1,-1
5,-1,958.80664,148.62538,24.596497,74.49785,0.9668199,-1,-1,-1
5,-1,714.9012,162.78503,14.144714,39.314804,0.9638169,-1,-1,-1
5,-1,686.04315,162.5586,12.864502,40.602463,0.960253,-1,-1,-1
5,-1,286.26324,171.77943,19.687408,22.125244,0.92541015,-1,-1,-1
5,-1,482.7898,176.79488,16.090881,43.227814,0.8700039,-1,-1,-1
5,-1,700.05035,166.52985,13.207031,34.08101,0.79749906,-1,-1,-1
5,-1,305.95898,174.93556,28.794586,35.340668,0.7412609,-1,-1,-1
5,-1,305.43576,175.16702,21.076355,24.545883,0.52475387,-1,-1,-1
5,-1,853.70154,174.22281,9.946045,26.063416,0.500719,-1,-1,-1
6,-1,1101.5154,142.42201,57.82361,124.35472,0.9966897,-1,-1,-1
6,-1,1174.0508,142.51538,49.94922,122.541504,0.99507916,-1,-1,-1
6,-1,997.9085,147.80551,58.43341,126.479004,0.9942416,-1,-1,-1
6,-1,1055.3441,141.27893,52.25659,127.08679,0.9901073,-1,-1,-1
6,-1,966.1866,146.95854,25.298584,75.96304,0.94900733,-1,-1,-1
6,-1,717.6671,164.37215,12.369873,37.55655,0.94281197,-1,-1,-1
6,-1,283.6743,171.36577,19.64856,22.915482,0.8983685,-1,-1,-1
6,-1,479.81436,175.96616,16.798035,47.36766,0.8634227,-1,-1,-1
6,-1,302.68823,175.36159,24.781738,30.435287,0.84723204,-1,-1,-1
6,-1,949.9786,153.66739,25.575928,117.49835,0.839694,-1,-1,-1
6,-1,856.3472,175.62512,10.148132,24.05986,0.5475545,-1,-1,-1
7,-1,1075.5795,138.82327,38.805054,130.18924,0.99687934,-1,-1,-1
7,-1,937.4301,146.76094,25.71582,124.79884,0.9961112,-1,-1,-1
7,-1,1117.2059,139.86963,54.516357,129.59769,0.9960312,-1,-1,-1
7,-1,1014.42413,145.23291,55.999207,131.85443,0.9940042,-1,-1,-1
7,-1,690.68494,166.94493,12.602051,36.57608,0.96781355,-1,-1,-1
7,-1,719.17017,166.00334,14.396851,37.896393,0.9614102,-1,-1,-1
7,-1,1200.6016,144.21391,22.73938,124.71663,0.95740026,-1,-1,-1
7,-1,472.89923,174.51982,20.969727,51.392822,0.9279223,-1,-1,-1
7,-1,299.767,174.82341,22.643005,32.141052,0.8618397,-1,-1,-1
7,-1,279.54807,172.03004,20.58899,24.702942,0.8190568,-1,-1,-1
7,-1,706.54565,167.81094,13.189819,35.27838,0.69415724,-1,-1,-1
8,-1,1131.6691,135.43501,41.293457,132.45454,0.9983602,-1,-1,-1
8,-1,946.92694,141.79997,44.307922,136.03651,0.99832314,-1,-1,-1
8,-1,1078.54,138.8589,56.361206,133.56221,0.9978295,-1,-1,-1
8,-1,1036.876,140.57657,42.20117,133.17413,0.98514533,-1,-1,-1
8,-1,691.6922,164.95035,13.351501,39.517487,0.95378774,-1,-1,-1
8,-1,467.1525,173.28159,21.592865,52.528107,0.9513986,-1,-1,-1
8,-1,294.8852,174.23927,25.34021,41.55594,0.93179286,-1,-1,-1
8,-1,721.6774,160.96092,13.863159,41.922287,0.8860584,-1,-1,-1
8,-1,979.6493,146.98898,22.757141,56.709442,0.86208236,-1,-1,-1
8,-1,275.42493,173.1127,21.584015,24.961517,0.68911546,-1,-1,-1
9,-1,950.5532,144.37683,55.66992,137.93756,0.9986314,-1,-1,-1
9,-1,1099.9451,141.17406,57.568726,135.60149,0.9981509,-1,-1,-1
9,-1,1143.2393,136.45802,48.261475,132.00844,0.99533623,-1,-1,-1
9,-1,464.19583,173.88458,20.458954,54.59558,0.9711794,-1,-1,-1
9,-1,1041.9807,153.77081,24.544067,122.48746,0.9563919,-1,-1,-1
9,-1,289.67316,171.62943,25.153015,44.071472,0.9523635,-1,-1,-1
9,-1,723.10315,162.53773,15.511475,41.301773,0.8948801,-1,-1,-1
9,-1,694.4684,166.05357,13.195618,37.815094,0.85018253,-1,-1,-1
9,-1,984.8001,145.65224,22.411865,59.998627,0.83227706,-1,-1,-1
9,-1,270.3337,172.2872,22.187256,27.59134,0.80670476,-1,-1,-1
9,-1,443.3706,169.82993,21.409698,48.13855,0.7448883,-1,-1,-1
10,-1,968.7371,146.52396,49.0578,135.8211,0.9988286,-1,-1,-1
10,-1,1053.6583,141.88747,53.44409,140.54515,0.99753225,-1,-1,-1
10,-1,1104.9167,140.0909,37.451538,133.88911,0.9949004,-1,-1,-1
10,-1,458.99527,171.46852,22.373596,58.657837,0.98980343,-1,-1,-1
10,-1,264.58307,169.14442,23.731598,34.09532,0.9474693,-1,-1,-1
10,-1,1183.2659,157.95105,28.06189,116.71701,0.9336906,-1,-1,-1
10,-1,285.68652,169.94086,24.7471,48.102386,0.90078133,-1,-1,-1
10,-1,993.8353,144.76987,21.113037,53.874847,0.789967,-1,-1,-1
10,-1,441.4808,169.73058,20.724548,49.723663,0.72840106,-1,-1,-1
10,-1,726.9224,161.82182,14.099182,41.707474,0.71734214,-1,-1,-1
10,-1,697.1574,164.43898,11.966248,38.98076,0.60236996,-1,-1,-1
11,-1,977.6224,144.21136,47.509705,140.63376,0.9990113,-1,-1,-1
11,-1,1068.334,142.88248,57.68347,141.74841,0.9954087,-1,-1,-1
11,-1,1119.3029,136.20148,59.555054,142.01599,0.99317896,-1,-1,-1
11,-1,1169.273,137.3779,54.72705,141.12808,0.9885931,-1,-1,-1
11,-1,454.4885,172.63809,23.23999,58.905533,0.9812934,-1,-1,-1
11,-1,729.8252,160.06041,13.057007,41.92224,0.9619651,-1,-1,-1
11,-1,258.5011,170.20079,25.72467,38.795807,0.9602535,-1,-1,-1
11,-1,697.688,162.0396,14.471985,42.57875,0.9566581,-1,-1,-1
11,-1,281.8271,170.32594,25.153015,48.61682,0.9118931,-1,-1,-1
11,-1,1004.09503,145.14525,20.694885,68.28395,0.5074426,-1,-1,-1
12,-1,983.53033,140.32065,56.164734,147.06168,0.9989002,-1,-1,-1
12,-1,1134.9587,135.64996,54.760742,148.8486,0.99572796,-1,-1,-1
12,-1,1085.2803,143.00476,59.24756,147.6593,0.995572,-1,-1,-1
12,-1,252.57089,169.99527,26.988525,46.221558,0.96188164,-1,-1,-1
12,-1,448.12125,172.53702,23.140625,60.350906,0.9286977,-1,-1,-1
12,-1,277.46375,168.69724,25.59134,51.376144,0.91576403,-1,-1,-1
12,-1,700.2696,163.1844,12.924622,43.164734,0.8849338,-1,-1,-1
12,-1,1191.3839,133.92738,31.880493,143.52199,0.8468528,-1,-1,-1
12,-1,439.54974,171.49904,13.903381,43.951996,0.64490044,-1,-1,-1
12,-1,732.18665,161.09506,13.57135,42.005783,0.52507746,-1,-1,-1
13,-1,990.3637,138.35406,66.08563,152.11429,0.99900454,-1,-1,-1
13,-1,1149.9733,134.41905,61.067383,154.2499,0.9977543,-1,-1,-1
13,-1,1101.7205,139.46797,58.00647,149.25227,0.997276,-1,-1,-1
13,-1,438.70117,171.13977,24.387878,62.31044,0.9548905,-1,-1,-1
13,-1,249.23337,170.57298,25.057953,51.969803,0.9360164,-1,-1,-1
13,-1,702.8464,162.03593,14.2247925,44.98622,0.91295046,-1,-1,-1
13,-1,271.67044,168.01698,24.854584,56.462677,0.8902143,-1,-1,-1
13,-1,737.00134,160.02496,12.175293,41.263397,0.81860477,-1,-1,-1
13,-1,716.8562,165.83635,9.854797,23.64853,0.7220617,-1,-1,-1
13,-1,859.8669,174.95694,7.9823,19.275665,0.6335459,-1,-1,-1
14,-1,995.03186,139.93423,76.30493,156.24774,0.99842864,-1,-1,-1
14,-1,1115.9437,137.44882,58.572144,154.77338,0.99812526,-1,-1,-1
14,-1,1165.429,135.78406,58.571045,153.21677,0.99769336,-1,-1,-1
14,-1,243.4738,167.60326,28.027145,59.083878,0.9884615,-1,-1,-1
14,-1,705.4257,161.3375,14.870544,45.28682,0.96428573,-1,-1,-1
14,-1,427.89154,172.48012,28.455994,65.51712,0.93206406,-1,-1,-1
14,-1,267.98627,169.88016,24.95102,55.66339,0.7857044,-1,-1,-1
14,-1,717.72815,163.43974,10.651184,26.380081,0.62960637,-1,-1,-1
15,-1,1128.7712,137.2578,74.69153,159.88286,0.9956553,-1,-1,-1
15,-1,1020.299,138.38615,68.11493,161.34169,0.99463576,-1,-1,-1
15,-1,1189.8916,130.16504,33.558838,165.20181,0.98235255,-1,-1,-1
15,-1,238.25183,167.57695,26.082947,59.58249,0.9765436,-1,-1,-1
15,-1,419.28763,171.41417,27.685974,70.377045,0.9617548,-1,-1,-1
15,-1,707.8805,158.3788,14.549072,49.59938,0.9524911,-1,-1,-1
15,-1,261.76196,168.87456,25.829803,66.77643,0.8585517,-1,-1,-1
15,-1,731.0488,161.52182,12.193481,38.629364,0.6951404,-1,-1,-1
15,-1,720.7112,163.11038,10.505981,30.149231,0.68057877,-1,-1,-1
15,-1,444.1049,166.28122,17.473389,38.153458,0.6264846,-1,-1,-1
15,-1,745.80066,156.84023,12.559937,41.30008,0.60724896,-1,-1,-1
15,-1,870.2101,174.98058,8.3654175,22.002441,0.5825584,-1,-1,-1
16,-1,1038.2703,139.38972,66.223755,162.71999,0.99744874,-1,-1,-1
16,-1,1131.7432,141.6429,92.16748,162.558,0.99576604,-1,-1,-1
16,-1,409.86237,175.19147,29.791565,73.66994,0.984932,-1,-1,-1
16,-1,234.23257,170.80919,29.693237,66.84723,0.97565985,-1,-1,-1
16,-1,710.4473,164.23425,14.945251,45.345215,0.95405155,-1,-1,-1
16,-1,734.328,164.13898,12.951477,41.230545,0.8269104,-1,-1,-1
16,-1,258.92657,172.12431,20.973999,67.402435,0.661946,-1,-1,-1
16,-1,449.61063,170.10489,13.754852,23.717148,0.6019988,-1,-1,-1
17,-1,1061.7709,135.76976,58.763306,173.70262,0.9985201,-1,-1,-1
17,-1,397.5994,179.53777,31.903229,84.51433,0.9928054,-1,-1,-1
17,-1,1157.3693,139.8276,66.63074,162.6896,0.9927987,-1,-1,-1
17,-1,227.04785,173.83717,28.613464,62.642273,0.98365986,-1,-1,-1
17,-1,712.0807,166.6197,16.694275,46.715195,0.9788673,-1,-1,-1
17,-1,733.75525,167.2653,16.503296,44.395508,0.84117866,-1,-1,-1
17,-1,253.55998,175.1465,29.238419,68.26459,0.8133757,-1,-1,-1
17,-1,443.8999,171.02728,18.17096,24.175781,0.5496832,-1,-1,-1
18,-1,380.54678,179.126,36.784668,87.00491,0.9964474,-1,-1,-1
18,-1,219.92462,175.10767,32.10356,72.007614,0.98604625,-1,-1,-1
18,-1,1190.8322,141.71107,32.912598,169.78026,0.9844015,-1,-1,-1
18,-1,714.9403,168.1073,17.299744,47.05742,0.97677135,-1,-1,-1
18,-1,248.50787,176.98703,28.836914,67.45441,0.9543065,-1,-1,-1
18,-1,1073.2538,136.75948,65.72156,190.31224,0.91401404,-1,-1,-1
18,-1,738.4409,168.29903,15.327454,43.111145,0.80661637,-1,-1,-1
18,-1,1112.7135,146.61441,27.502197,168.07263,0.7660056,-1,-1,-1
18,-1,1057.5675,144.5755,29.191284,88.30304,0.7511814,-1,-1,-1
18,-1,884.82745,174.49194,11.012939,29.073212,0.7358755,-1,-1,-1
18,-1,443.22083,172.81786,18.384949,27.279404,0.50380903,-1,-1,-1
19,-1,1088.1453,137.47122,65.96948,172.05258,0.9970066,-1,-1,-1
19,-1,1063.4404,141.62827,31.398315,97.76007,0.987276,-1,-1,-1
19,-1,215.56947,177.3249,28.037415,69.953705,0.9848573,-1,-1,-1
19,-1,717.5186,167.4684,19.19397,49.174545,0.98445237,-1,-1,-1
19,-1,361.21957,181.33676,43.489014,89.781006,0.98214036,-1,-1,-1
19,-1,740.73035,165.47147,17.069092,50.078964,0.97371227,-1,-1,-1
19,-1,240.06587,176.54175,31.748184,63.944,0.84276253,-1,-1,-1
19,-1,440.16394,172.96243,18.791534,28.115082,0.5576373,-1,-1,-1
20,-1,1114.4034,138.16797,88.595215,187.67892,0.9973188,-1,-1,-1
20,-1,336.4134,180.6198,48.385895,98.17934,0.9897628,-1,-1,-1
20,-1,1072.5181,141.06937,35.67334,95.975464,0.9842929,-1,-1,-1
20,-1,720.9252,168.38055,18.383728,49.252335,0.98215437,-1,-1,-1
20,-1,235.08656,179.64261,28.58937,70.84668,0.9631821,-1,-1,-1
20,-1,209.37578,178.74559,25.79216,77.69063,0.95577556,-1,-1,-1
20,-1,744.52576,167.6012,15.454773,48.926224,0.94638884,-1,-1,-1
20,-1,437.96133,171.65353,22.404297,37.45781,0.6384896,-1,-1,-1
21,-1,1138.6404,131.5217,76.80908,193.43872,0.997721,-1,-1,-1
21,-1,311.5974,183.36937,54.080475,98.232925,0.9970559,-1,-1,-1
21,-1,1087.944,143.17311,31.43457,101.025024,0.9953689,-1,-1,-1
21,-1,226.1375,178.13315,29.446243,81.55194,0.98679996,-1,-1,-1
21,-1,199.5966,174.98242,28.255081,84.524414,0.9374311,-1,-1,-1
21,-1,724.4677,168.46169,18.240173,52.95491,0.9092115,-1,-1,-1
21,-1,749.4832,172.12454,13.953247,46.16043,0.8845601,-1,-1,-1
21,-1,437.9761,172.33342,20.857697,37.04541,0.64637005,-1,-1,-1
22,-1,1156.6525,128.19981,66.846924,206.33064,0.9965861,-1,-1,-1
22,-1,280.03506,185.08565,58.901184,107.0132,0.99411595,-1,-1,-1
22,-1,1095.1954,142.3554,34.201416,101.2518,0.9928867,-1,-1,-1
22,-1,725.4,166.94592,19.77301,54.26674,0.98913026,-1,-1,-1
22,-1,216.14288,176.4972,33.394867,86.876526,0.9831299,-1,-1,-1
22,-1,749.38153,166.12518,18.375916,52.391815,0.9717795,-1,-1,-1
22,-1,189.30608,174.65031,31.669708,65.468445,0.897558,-1,-1,-1
22,-1,435.2865,174.34508,12.166138,29.145218,0.74811834,-1,-1,-1
22,-1,773.70984,163.31578,12.698181,52.132736,0.72801423,-1,-1,-1
22,-1,906.7613,174.81284,10.578369,31.563538,0.6221377,-1,-1,-1
23,-1,238.92558,182.97697,68.95332,133.43178,0.9970805,-1,-1,-1
23,-1,1106.8439,141.20567,36.276978,102.23747,0.9959092,-1,-1,-1
23,-1,1164.2094,126.31477,59.79065,205.33467,0.99501026,-1,-1,-1
23,-1,183.8849,176.68929,26.178574,64.17461,0.98658144,-1,-1,-1
23,-1,727.32556,167.36667,20.558228,54.21646,0.97184473,-1,-1,-1
23,-1,776.5252,158.57504,17.63263,62.161194,0.9554072,-1,-1,-1
23,-1,753.76685,166.82846,16.208984,52.66571,0.9513086,-1,-1,-1
23,-1,206.56895,176.27242,32.80014,90.45064,0.92856884,-1,-1,-1
23,-1,433.50168,173.6778,12.560028,29.92218,0.76698804,-1,-1,-1
23,-1,443.8341,174.51758,9.798828,27.73848,0.50917554,-1,-1,-1
24,-1,183.56314,184.17575,86.21979,169.06876,0.9872365,-1,-1,-1
24,-1,729.32043,165.52626,22.585266,56.225388,0.98076403,-1,-1,-1
24,-1,778.55786,157.43256,17.789795,63.305054,0.9748471,-1,-1,-1
24,-1,1119.0438,137.89574,35.69983,104.550476,0.9742562,-1,-1,-1
24,-1,167.75319,177.54501,33.11174,80.43793,0.9668937,-1,-1,-1
24,-1,755.59735,163.31543,18.248901,56.499863,0.95115834,-1,-1,-1
24,-1,1178.3164,162.17572,45.47461,60.53708,0.89639235,-1,-1,-1
24,-1,430.75266,173.94237,13.556335,29.99141,0.81156343,-1,-1,-1
24,-1,196.65804,181.58443,27.984604,47.649384,0.81068873,-1,-1,-1
24,-1,1180.99,165.36026,43.01001,142.37302,0.75820905,-1,-1,-1
24,-1,897.68195,173.68153,10.016113,24.790543,0.5256734,-1,-1,-1
25,-1,113.0558,183.14267,102.4306,179.61426,0.99749255,-1,-1,-1
25,-1,1127.1207,134.34567,41.73108,109.79401,0.9961816,-1,-1,-1
25,-1,730.84534,162.61403,22.768677,59.061737,0.98906225,-1,-1,-1
25,-1,757.8506,164.19821,19.488281,57.39418,0.97761494,-1,-1,-1
25,-1,781.4598,158.49915,19.333252,60.709198,0.9740097,-1,-1,-1
25,-1,189.4518,182.48683,30.110184,50.36203,0.7668391,-1,-1,-1
25,-1,722.4805,166.87326,9.918823,26.688995,0.7248845,-1,-1,-1
26,-1,12.766454,185.8279,133.66684,180.90923,0.99737513,-1,-1,-1
26,-1,735.30054,161.37637,20.326477,61.375854,0.9948732,-1,-1,-1
26,-1,782.7514,154.51494,22.243164,66.3866,0.99400073,-1,-1,-1
26,-1,1139.7893,130.13553,40.65796,110.7847,0.99195135,-1,-1,-1
26,-1,146.15462,173.09872,33.265137,76.741394,0.98906285,-1,-1,-1
26,-1,175.22527,180.7632,33.01538,69.28662,0.98496336,-1,-1,-1
26,-1,760.971,161.22636,19.746399,59.567703,0.9783026,-1,-1,-1
26,-1,723.632,167.65327,10.251587,27.262207,0.930491,-1,-1,-1
27,-1,737.9564,161.79837,21.887878,61.741104,0.9952866,-1,-1,-1
27,-1,133.47536,173.54907,37.020416,98.99478,0.99450785,-1,-1,-1
27,-1,785.65656,152.7685,25.54181,69.80086,0.9836295,-1,-1,-1
27,-1,1147.8966,131.37509,45.099487,97.85864,0.98335576,-1,-1,-1
27,-1,162.0575,178.28421,33.757736,75.844284,0.9797289,-1,-1,-1
27,-1,764.9375,158.80647,18.417908,64.20572,0.9740502,-1,-1,-1
27,-1,724.1835,169.61462,9.779724,24.740051,0.94048333,-1,-1,-1
27,-1,0.0,192.71164,44.010334,122.39429,0.9150774,-1,-1,-1
27,-1,930.023,171.12897,12.47052,32.34192,0.58061194,-1,-1,-1
28,-1,793.4162,152.84834,21.674927,69.1203,0.992607,-1,-1,-1
28,-1,768.81274,158.14229,19.979614,65.992035,0.99131095,-1,-1,-1
28,-1,119.76413,175.85654,36.64604,86.54419,0.98831487,-1,-1,-1
28,-1,741.38837,162.33939,23.016602,62.341522,0.9872881,-1,-1,-1
28,-1,149.9708,176.33878,34.425766,70.27693,0.96155447,-1,-1,-1
28,-1,1161.3093,130.37685,46.805786,98.73901,0.93898326,-1,-1,-1
28,-1,724.2521,165.82883,10.489258,27.007172,0.9123937,-1,-1,-1
28,-1,736.65137,164.01462,12.032166,30.4747,0.8136917,-1,-1,-1
29,-1,797.0447,154.37665,26.847351,71.38867,0.9976065,-1,-1,-1
29,-1,746.1581,161.24353,21.141174,64.78316,0.9904082,-1,-1,-1
29,-1,773.18915,159.22192,19.906738,66.23599,0.9895411,-1,-1,-1
29,-1,102.73771,177.08046,41.222527,99.168686,0.9889081,-1,-1,-1
29,-1,136.78035,181.45074,35.246033,60.095474,0.98456985,-1,-1,-1
29,-1,738.6605,163.22179,10.060059,34.201477,0.9750269,-1,-1,-1
29,-1,725.0178,166.78062,9.809204,27.37915,0.9221257,-1,-1,-1
29,-1,1175.7949,129.56499,47.478027,113.155106,0.9037636,-1,-1,-1
30,-1,748.45325,155.84068,25.361145,72.94838,0.99339163,-1,-1,-1
30,-1,805.09753,154.4266,20.405396,72.98332,0.9925551,-1,-1,-1
30,-1,95.445244,176.36583,30.185127,84.76759,0.9840657,-1,-1,-1
30,-1,778.3937,160.90547,20.21576,66.28287,0.98217094,-1,-1,-1
30,-1,119.48136,184.08385,34.994743,55.241165,0.9757676,-1,-1,-1
30,-1,738.6884,162.92651,11.135864,33.14081,0.9712588,-1,-1,-1
30,-1,726.2343,165.1092,10.411133,30.122269,0.93497616,-1,-1,-1
31,-1,752.99963,156.32114,23.193054,75.41704,0.99525166,-1,-1,-1
31,-1,811.4134,153.4029,20.895508,74.98212,0.993544,-1,-1,-1
31,-1,104.88755,181.14836,33.62397,55.611237,0.9876395,-1,-1,-1
31,-1,80.15374,176.47432,29.91375,77.26042,0.9860321,-1,-1,-1
31,-1,783.1424,155.88591,22.169312,72.86374,0.9808899,-1,-1,-1
31,-1,738.6678,161.96867,12.519409,32.235825,0.9748663,-1,-1,-1
31,-1,727.4713,164.29053,9.479004,30.017471,0.96273094,-1,-1,-1
32,-1,815.9996,151.2494,26.554565,81.05603,0.9944606,-1,-1,-1
32,-1,757.642,160.32198,26.215515,74.59863,0.99155444,-1,-1,-1
32,-1,61.98617,173.65999,32.453648,74.62146,0.9896595,-1,-1,-1
32,-1,787.1124,155.47125,26.675598,75.28755,0.97996545,-1,-1,-1
32,-1,85.435356,178.95326,36.142395,57.46292,0.9796536,-1,-1,-1
32,-1,728.0244,166.98802,9.746094,28.858002,0.93617046,-1,-1,-1
32,-1,741.9927,164.44533,11.18988,30.732635,0.9100277,-1,-1,-1
33,-1,760.81134,157.97331,30.558044,78.771225,0.99584925,-1,-1,-1
33,-1,823.47205,146.76718,26.12323,87.21974,0.990969,-1,-1,-1
33,-1,41.72865,175.35455,35.252697,68.66484,0.98390204,-1,-1,-1
33,-1,743.5448,162.12898,11.267273,31.665894,0.95462114,-1,-1,-1
33,-1,794.9654,160.50104,21.727356,73.294266,0.94379985,-1,-1,-1
33,-1,72.01679,182.31639,30.130745,49.438965,0.9374436,-1,-1,-1
33,-1,729.57697,166.3066,11.646179,29.057968,0.9248719,-1,-1,-1
33,-1,569.6782,168.10948,9.3341675,32.79834,0.8487279,-1,-1,-1
34,-1,765.1026,159.48677,30.203247,79.52794,0.9980033,-1,-1,-1
34,-1,829.5399,148.61989,29.626282,87.87111,0.994487,-1,-1,-1
34,-1,22.97386,176.82,38.09337,62.967514,0.99202746,-1,-1,-1
34,-1,744.93506,161.61,10.430298,32.397842,0.981928,-1,-1,-1
34,-1,799.1803,155.76196,27.393127,79.95134,0.96624535,-1,-1,-1
34,-1,729.93085,167.0119,11.191528,28.661484,0.947845,-1,-1,-1
34,-1,56.634518,182.20476,29.627193,35.56566,0.8726692,-1,-1,-1
34,-1,568.5512,169.86919,10.256348,31.79242,0.8645709,-1,-1,-1
35,-1,770.932,154.33934,30.596191,84.31082,0.9972838,-1,-1,-1
35,-1,836.8171,148.31331,31.021301,88.75783,0.9904867,-1,-1,-1
35,-1,6.2783837,172.42705,35.480206,60.2697,0.98898983,-1,-1,-1
35,-1,747.01855,161.3431,11.579529,33.39183,0.97868013,-1,-1,-1
35,-1,731.27344,165.80995,10.53009,27.514587,0.95334613,-1,-1,-1
35,-1,808.261,156.5864,24.215393,81.018555,0.9330615,-1,-1,-1
35,-1,38.172653,180.94962,31.42746,27.836517,0.8199337,-1,-1,-1
35,-1,567.36755,168.47124,10.895691,31.392014,0.71324044,-1,-1,-1
36,-1,777.2165,153.40074,31.424927,90.69081,0.9972006,-1,-1,-1
36,-1,847.65967,147.56888,30.287659,91.428345,0.99696296,-1,-1,-1
36,-1,814.189,153.5434,26.937378,86.83714,0.9819504,-1,-1,-1
36,-1,0.8191932,171.46223,23.461718,49.99214,0.9450088,-1,-1,-1
36,-1,749.70984,162.44775,11.559143,32.98915,0.9393512,-1,-1,-1
36,-1,23.281488,178.97192,31.392874,23.077332,0.89985543,-1,-1,-1
36,-1,734.354,161.79887,8.42334,31.54036,0.87409395,-1,-1,-1
36,-1,341.71466,171.94429,39.900055,36.885864,0.829364,-1,-1,-1
36,-1,188.3096,179.80373,11.027695,11.386459,0.51478165,-1,-1,-1
37,-1,783.4772,154.68852,34.267273,94.19379,0.99847907,-1,-1,-1
37,-1,855.7751,148.41646,34.79767,94.62041,0.9980913,-1,-1,-1
37,-1,822.83057,153.93433,28.729858,88.88629,0.9843215,-1,-1,-1
37,-1,752.4501,162.39629,11.762451,33.301193,0.96572787,-1,-1,-1
37,-1,308.3131,171.9559,44.73294,39.776184,0.92094386,-1,-1,-1
37,-1,3.7562718,177.68404,33.316414,20.349594,0.74589056,-1,-1,-1
37,-1,729.8623,160.42992,12.121948,34.217712,0.6628503,-1,-1,-1
38,-1,792.2555,156.51137,33.845886,96.290634,0.9972675,-1,-1,-1
38,-1,865.8478,143.43967,34.015747,102.99037,0.9963154,-1,-1,-1
38,-1,828.9101,152.12354,34.34619,96.72557,0.9928889,-1,-1,-1
38,-1,753.694,161.87282,12.495728,33.854034,0.9676858,-1,-1,-1
38,-1,273.52332,172.12753,44.42459,46.090317,0.90637106,-1,-1,-1
39,-1,875.8137,141.93816,39.27655,107.09155,0.9992692,-1,-1,-1
39,-1,801.77954,154.10257,34.002075,102.0574,0.9947968,-1,-1,-1
39,-1,839.48737,151.18486,36.86963,98.72728,0.9943955,-1,-1,-1
39,-1,756.2543,161.28394,12.500977,35.12155,0.97466564,-1,-1,-1
39,-1,219.5542,170.09029,50.35736,56.77574,0.9452053,-1,-1,-1
40,-1,889.93506,142.43024,44.52539,109.95073,0.9992681,-1,-1,-1
40,-1,811.46246,151.32547,37.803894,107.88443,0.9971846,-1,-1,-1
40,-1,851.0648,152.77391,34.984863,101.25177,0.9919471,-1,-1,-1
40,-1,759.6257,161.0186,11.877563,35.50705,0.9487227,-1,-1,-1
40,-1,383.51535,170.64407,18.254028,53.70485,0.6597324,-1,-1,-1
40,-1,147.84294,168.47746,50.051224,60.33229,0.5869743,-1,-1,-1
40,-1,412.743,170.39034,15.422821,14.208069,0.54495233,-1,-1,-1
41,-1,904.331,144.10771,47.64276,114.811386,0.99901927,-1,-1,-1
41,-1,822.6318,150.2694,40.785522,114.51216,0.9969163,-1,-1,-1
41,-1,861.52576,150.22969,39.145508,109.09212,0.9924452,-1,-1,-1
41,-1,381.45108,168.22264,18.037231,65.900406,0.8552763,-1,-1,-1
41,-1,410.4436,170.52745,17.022614,14.2486725,0.70113486,-1,-1,-1
41,-1,99.21157,173.04749,78.922905,88.68884,0.6233389,-1,-1,-1
42,-1,921.3708,141.65015,46.87024,123.03186,0.9991328,-1,-1,-1
42,-1,834.5002,152.48279,39.53479,118.87387,0.9978219,-1,-1,-1
42,-1,872.7439,148.27516,45.189453,116.343155,0.9943316,-1,-1,-1
42,-1,379.66782,171.30139,19.394958,62.4261,0.77414876,-1,-1,-1
43,-1,938.1914,140.89026,52.040527,131.91864,0.9990646,-1,-1,-1
43,-1,845.24744,153.16525,48.00641,123.877594,0.99687886,-1,-1,-1
43,-1,888.4215,149.0604,45.572083,124.217255,0.99519265,-1,-1,-1
44,-1,963.1772,137.95998,50.12848,138.11409,0.9992743,-1,-1,-1
44,-1,861.37885,149.98717,46.369263,134.80522,0.9975405,-1,-1,-1
44,-1,907.79407,151.70401,46.350586,124.40152,0.9946108,-1,-1,-1
44,-1,767.4783,160.02898,11.116882,33.834213,0.85359514,-1,-1,-1
44,-1,742.5977,165.37225,12.898804,34.866318,0.7879446,-1,-1,-1
44,-1,408.82602,170.94292,18.291626,14.739471,0.5201388,-1,-1,-1
45,-1,877.3357,147.97249,54.36084,142.9116,0.9985672,-1,-1,-1
45,-1,985.75037,137.88545,57.600586,148.41344,0.99844164,-1,-1,-1
45,-1,924.5823,149.71794,51.290527,137.29945,0.99507684,-1,-1,-1
45,-1,772.8688,160.15805,13.894836,38.487595,0.98959774,-1,-1,-1
45,-1,746.04004,167.43253,13.258484,33.839523,0.9694117,-1,-1,-1
45,-1,409.69022,170.49571,17.299347,20.476425,0.6133735,-1,-1,-1
45,-1,0.08681435,211.71149,50.40532,157.28287,0.57208496,-1,-1,-1
45,-1,380.03366,176.84279,15.543396,11.170273,0.5224068,-1,-1,-1
46,-1,896.3513,148.44795,60.36609,152.72548,0.9990409,-1,-1,-1
46,-1,1010.71576,140.30327,66.5163,154.5385,0.99804604,-1,-1,-1
46,-1,948.0624,147.83568,50.5307,145.50551,0.99700266,-1,-1,-1
46,-1,748.23004,168.38762,13.844421,35.53055,0.98253685,-1,-1,-1
47,-1,1043.3073,136.05891,80.096924,173.2711,0.9983758,-1,-1,-1
47,-1,919.99725,146.50333,74.39697,164.04721,0.9983546,-1,-1,-1
47,-1,973.69916,145.48885,53.179382,153.05208,0.9960263,-1,-1,-1
47,-1,751.9274,165.21104,13.508423,38.062073,0.97440594,-1,-1,-1
48,-1,950.0616,144.91393,74.2359,183.57683,0.9990113,-1,-1,-1
48,-1,1076.0803,130.5544,80.14404,184.78905,0.99856085,-1,-1,-1
48,-1,1003.65137,142.28873,67.43408,171.8255,0.9981863,-1,-1,-1
48,-1,754.84576,166.21391,14.119019,37.411926,0.9707351,-1,-1,-1
48,-1,406.18442,173.90894,25.019165,26.988205,0.71514237,-1,-1,-1
48,-1,784.32806,159.07715,9.951233,39.98105,0.5984577,-1,-1,-1
48,-1,382.62167,176.21445,16.387817,11.735046,0.5345762,-1,-1,-1
49,-1,981.8294,141.9776,70.65643,197.16983,0.997729,-1,-1,-1
49,-1,1038.6017,139.89578,85.22168,186.05344,0.9975656,-1,-1,-1
49,-1,1122.5249,127.063736,74.3634,197.48567,0.9972268,-1,-1,-1
49,-1,789.56384,158.3411,14.935242,44.40909,0.99190736,-1,-1,-1
49,-1,758.2966,163.92776,16.224365,41.98268,0.98793715,-1,-1,-1
49,-1,779.52484,163.56754,9.074585,30.789856,0.93277884,-1,-1,-1
49,-1,406.39783,172.06471,23.121185,30.516647,0.9001394,-1,-1,-1
49,-1,382.12112,172.34174,20.870453,17.18457,0.74662864,-1,-1,-1
50,-1,1021.5323,136.40002,72.54376,214.216,0.9984603,-1,-1,-1
50,-1,793.74115,158.19,15.98877,46.545227,0.9957125,-1,-1,-1
50,-1,1079.6141,137.74875,77.80542,204.53653,0.9946473,-1,-1,-1
50,-1,1171.6423,124.33719,52.335327,210.79718,0.9865313,-1,-1,-1
50,-1,763.24384,163.505,15.815552,41.48558,0.9788826,-1,-1,-1
50,-1,409.145,173.10236,17.87442,29.91153,0.9125775,-1,-1,-1
50,-1,780.44806,163.44899,9.053284,30.92807,0.8768882,-1,-1,-1
50,-1,382.87964,172.95117,19.449493,16.629868,0.83640146,-1,-1,-1
51,-1,1062.1719,133.21603,108.44104,236.05878,0.99922276,-1,-1,-1
51,-1,1129.9126,136.33168,89.37573,218.60301,0.99108666,-1,-1,-1
51,-1,767.0079,165.04153,17.256226,41.670944,0.9822986,-1,-1,-1
51,-1,798.6004,161.00993,14.840637,44.029633,0.939051,-1,-1,-1
51,-1,409.27576,172.9929,16.340546,30.22586,0.8923112,-1,-1,-1
51,-1,383.8708,173.99176,17.181946,16.03508,0.8282908,-1,-1,-1
51,-1,1021.26276,182.84787,17.835022,44.165558,0.7206835,-1,-1,-1
51,-1,784.9055,165.09987,9.115723,29.725037,0.6473279,-1,-1,-1
52,-1,1109.389,135.63153,114.61096,234.36847,0.99812776,-1,-1,-1
52,-1,802.36,159.79642,16.295227,47.97107,0.99243563,-1,-1,-1
52,-1,772.71594,164.05734,16.656921,44.77681,0.9890282,-1,-1,-1
52,-1,408.90738,173.27652,14.572845,29.682663,0.89500636,-1,-1,-1
52,-1,1032.9182,181.25565,21.722168,48.385803,0.8420432,-1,-1,-1
52,-1,384.71707,172.96419,16.816986,17.901917,0.8299508,-1,-1,-1
53,-1,776.59204,165.43529,18.621826,46.751404,0.9877999,-1,-1,-1
53,-1,1171.8752,152.90215,52.08423,216.15596,0.9775889,-1,-1,-1
53,-1,804.82806,161.7306,17.309631,47.436188,0.9699118,-1,-1,-1
53,-1,409.34842,173.64862,14.017242,31.977371,0.8688137,-1,-1,-1
53,-1,1047.4677,183.98962,21.913696,50.08191,0.7317477,-1,-1,-1
53,-1,384.72366,173.41522,18.519867,20.70935,0.6819343,-1,-1,-1
54,-1,781.4651,166.7511,18.229065,45.646927,0.99116755,-1,-1,-1
54,-1,809.3618,160.19221,18.105774,50.57164,0.9804992,-1,-1,-1
54,-1,409.02438,173.09004,14.64032,37.740234,0.86078876,-1,-1,-1
54,-1,1059.5441,179.09941,26.93811,54.880585,0.76398784,-1,-1,-1
54,-1,383.4536,173.22865,25.195526,26.45169,0.7315608,-1,-1,-1
55,-1,813.5531,158.24007,19.525146,51.335693,0.9912306,-1,-1,-1
55,-1,787.2065,166.42296,18.496338,47.086655,0.9897949,-1,-1,-1
55,-1,382.31735,171.94392,23.771149,33.123856,0.87601167,-1,-1,-1
55,-1,901.14966,177.79807,10.084351,27.640305,0.65668464,-1,-1,-1
55,-1,405.95267,175.31113,17.94577,39.753326,0.5347731,-1,-1,-1
56,-1,790.72345,163.44855,19.317688,50.681396,0.9946366,-1,-1,-1
56,-1,816.19293,157.33127,20.47052,54.004547,0.98923665,-1,-1,-1
56,-1,381.34644,174.0795,22.255066,38.446198,0.94063824,-1,-1,-1
56,-1,779.05334,168.00716,9.387329,25.90834,0.74672526,-1,-1,-1
56,-1,906.5506,178.88048,9.152161,25.95514,0.63906926,-1,-1,-1
56,-1,408.22644,176.26053,17.11789,45.54477,0.60444665,-1,-1,-1
56,-1,408.71753,172.50098,25.999573,62.65277,0.5690493,-1,-1,-1
57,-1,796.14923,164.6257,18.451355,49.95996,0.9948329,-1,-1,-1
57,-1,821.0767,160.58934,19.562561,52.232834,0.9860363,-1,-1,-1
57,-1,379.15393,175.21498,23.825562,40.19333,0.89406073,-1,-1,-1
57,-1,406.1323,175.868,14.966949,45.258316,0.7572919,-1,-1,-1
57,-1,782.20667,167.91754,8.964539,26.687698,0.68632334,-1,-1,-1
57,-1,1111.2797,178.48277,24.833618,60.202774,0.5551896,-1,-1,-1
57,-1,912.461,179.68976,7.552307,24.983551,0.50717324,-1,-1,-1
58,-1,801.3764,163.82115,20.010498,54.02556,0.9944958,-1,-1,-1
58,-1,828.7346,162.45364,17.50238,52.872604,0.9835073,-1,-1,-1
58,-1,405.95267,170.13365,24.763947,67.7641,0.9142607,-1,-1,-1
58,-1,376.85263,176.89085,25.323486,41.98242,0.86375195,-1,-1,-1
58,-1,783.5906,174.12291,9.8029175,20.058136,0.6473487,-1,-1,-1
59,-1,806.83295,165.02718,20.014526,53.88359,0.99245435,-1,-1,-1
59,-1,833.864,162.77597,18.399475,53.086853,0.97725224,-1,-1,-1
59,-1,406.59552,170.33455,20.920227,67.32367,0.96893746,-1,-1,-1
59,-1,785.2187,172.39381,9.610779,21.870575,0.892622,-1,-1,-1
59,-1,374.85245,172.25652,23.02826,45.721954,0.8800299,-1,-1,-1
59,-1,797.4172,168.16594,10.639099,31.223404,0.87782913,-1,-1,-1
59,-1,925.3545,178.45667,9.70282,28.452652,0.60534006,-1,-1,-1
59,-1,788.0857,165.66895,9.681946,28.767242,0.57689905,-1,-1,-1
60,-1,839.99396,161.83694,18.23993,56.777466,0.9865736,-1,-1,-1
60,-1,811.95886,167.09978,21.13855,54.59482,0.9859654,-1,-1,-1
60,-1,404.3136,173.04697,22.221832,64.27258,0.96317536,-1,-1,-1
60,-1,800.4879,165.961,10.898743,35.187576,0.93731064,-1,-1,-1
60,-1,372.83203,173.44704,25.036316,45.594864,0.9162098,-1,-1,-1
60,-1,786.57654,169.01653,10.42865,25.533386,0.771403,-1,-1,-1
60,-1,790.502,167.12032,9.447754,28.76033,0.63339365,-1,-1,-1
61,-1,845.13214,159.39793,20.638855,60.422653,0.99001795,-1,-1,-1
61,-1,820.2636,167.69643,20.950928,54.391068,0.9858949,-1,-1,-1
61,-1,400.0018,171.74472,29.61789,70.38774,0.9615033,-1,-1,-1
61,-1,803.67474,169.08244,10.114075,33.735947,0.932924,-1,-1,-1
61,-1,371.69922,174.99583,26.260986,50.6129,0.8545245,-1,-1,-1
61,-1,813.8686,168.02788,10.153687,34.03105,0.83405715,-1,-1,-1
61,-1,790.93353,171.11725,10.231873,25.73407,0.8337316,-1,-1,-1
62,-1,827.85425,163.47855,20.57196,59.66063,0.99483275,-1,-1,-1
62,-1,851.8739,159.7656,19.04486,59.648193,0.98676586,-1,-1,-1
62,-1,400.67157,172.58308,24.571777,69.65784,0.964547,-1,-1,-1
62,-1,806.28284,169.17352,10.928345,32.45497,0.93704987,-1,-1,-1
62,-1,793.1726,168.93852,10.299255,26.375107,0.84853196,-1,-1,-1
62,-1,370.3416,171.84486,22.49707,40.1205,0.8013804,-1,-1,-1
62,-1,817.9965,166.50319,10.625549,32.25171,0.7562021,-1,-1,-1
62,-1,815.2889,168.45177,9.638733,33.107468,0.65883875,-1,-1,-1
62,-1,368.08002,173.12653,30.164307,57.38231,0.6178531,-1,-1,-1
63,-1,833.7501,160.43039,25.083374,63.131775,0.99357927,-1,-1,-1
63,-1,856.8768,157.4673,22.153198,65.579605,0.9927378,-1,-1,-1
63,-1,400.2147,173.19899,21.67102,70.403625,0.9714035,-1,-1,-1
63,-1,807.5665,164.2526,14.51178,37.653625,0.9268716,-1,-1,-1
63,-1,819.33185,167.63133,12.14917,32.432938,0.84901667,-1,-1,-1
63,-1,367.98483,173.17386,19.986542,41.03833,0.80874306,-1,-1,-1
63,-1,366.4002,174.20135,25.181305,65.04672,0.6026555,-1,-1,-1
63,-1,796.45557,168.60574,10.98407,28.50354,0.5823346,-1,-1,-1
63,-1,957.3729,176.83105,11.2335205,30.117462,0.5027459,-1,-1,-1
64,-1,843.5766,161.0376,22.381897,62.38336,0.9932761,-1,-1,-1
64,-1,397.02734,172.536,21.510956,72.82437,0.9899046,-1,-1,-1
64,-1,862.0183,157.31703,24.206299,66.0862,0.9895867,-1,-1,-1
64,-1,810.21686,167.5249,10.580444,33.738525,0.7487043,-1,-1,-1
64,-1,827.816,170.69415,8.661743,27.600388,0.74771696,-1,-1,-1
64,-1,364.22858,170.6898,24.53891,71.678314,0.7038052,-1,-1,-1
64,-1,813.91614,167.7769,10.311951,31.696991,0.653124,-1,-1,-1
64,-1,965.95654,178.24687,11.998657,32.45111,0.6410264,-1,-1,-1
64,-1,364.6738,171.84685,17.454773,47.702286,0.5898986,-1,-1,-1
64,-1,820.2238,171.28584,12.898926,29.171234,0.52208185,-1,-1,-1
64,-1,830.812,169.38629,9.90271,29.513138,0.5143233,-1,-1,-1
65,-1,869.59186,156.14436,23.166931,67.83798,0.9941273,-1,-1,-1
65,-1,850.83606,159.50653,22.208313,65.65323,0.9930269,-1,-1,-1
65,-1,394.50018,169.8828,20.052185,75.48418,0.99136424,-1,-1,-1
65,-1,361.5802,166.0433,26.983337,81.81198,0.8887683,-1,-1,-1
65,-1,827.749,167.50468,9.81781,32.0589,0.8869802,-1,-1,-1
65,-1,816.1547,168.59892,11.676697,33.568344,0.8206924,-1,-1,-1
65,-1,803.9259,165.63467,10.528503,31.249847,0.65248454,-1,-1,-1
65,-1,361.88998,168.52579,14.15744,60.912094,0.61321294,-1,-1,-1
65,-1,824.8852,168.06877,8.554016,31.86473,0.54350656,-1,-1,-1
65,-1,831.0031,166.47311,9.6067505,32.40068,0.5409023,-1,-1,-1
65,-1,622.65454,177.30281,8.073486,19.078995,0.53398466,-1,-1,-1
66,-1,877.3392,153.37453,25.692017,72.727844,0.996725,-1,-1,-1
66,-1,357.16223,163.83022,28.234192,87.237076,0.9954353,-1,-1,-1
66,-1,855.33234,158.05214,26.48816,69.17897,0.99240255,-1,-1,-1
66,-1,390.53134,169.40424,30.723877,77.61383,0.9909734,-1,-1,-1
66,-1,832.6716,164.67244,11.458618,34.67044,0.9125559,-1,-1,-1
66,-1,819.6559,163.0991,12.446045,39.53244,0.8970027,-1,-1,-1
66,-1,806.7411,163.52591,11.60376,34.524536,0.6922798,-1,-1,-1
66,-1,828.8977,165.81693,9.485657,34.218185,0.57770777,-1,-1,-1
66,-1,1014.6366,179.1465,17.268677,36.0271,0.55627763,-1,-1,-1
67,-1,887.2126,152.88312,22.692932,73.25424,0.9969957,-1,-1,-1
67,-1,866.1856,154.33163,24.534058,74.754654,0.9955224,-1,-1,-1
67,-1,385.63992,168.86855,34.5726,79.82724,0.99455345,-1,-1,-1
67,-1,355.96463,165.50575,23.00595,76.99277,0.96744955,-1,-1,-1
67,-1,821.6438,164.68295,13.387634,37.60379,0.92640513,-1,-1,-1
67,-1,833.13837,161.91461,13.725586,38.184418,0.8014463,-1,-1,-1
67,-1,808.8853,167.83261,10.162415,28.568405,0.7046363,-1,-1,-1
68,-1,893.907,152.76033,28.696228,77.14551,0.9984242,-1,-1,-1
68,-1,381.0249,169.51384,32.882477,80.81006,0.9934216,-1,-1,-1
68,-1,873.0705,155.31981,26.742065,75.93501,0.99017686,-1,-1,-1
68,-1,346.62006,165.10529,27.873016,87.03296,0.95445555,-1,-1,-1
68,-1,835.59265,163.68407,12.6953125,36.96515,0.86130637,-1,-1,-1
68,-1,826.2343,167.1091,11.090454,33.8573,0.8285865,-1,-1,-1
68,-1,810.0238,168.5795,12.660217,27.917847,0.7429409,-1,-1,-1
69,-1,904.17194,154.52959,31.457886,79.13338,0.9960049,-1,-1,-1
69,-1,379.05936,169.87434,28.018402,80.741,0.99577147,-1,-1,-1
69,-1,348.2053,168.70384,23.187103,57.231827,0.9843255,-1,-1,-1
69,-1,882.0747,155.3672,27.700317,77.70665,0.983248,-1,-1,-1
69,-1,840.43695,164.36911,12.467163,36.381424,0.9510474,-1,-1,-1
69,-1,826.7457,164.0654,13.707886,37.4048,0.74912935,-1,-1,-1
69,-1,1008.52576,175.26256,17.047852,39.4037,0.7192528,-1,-1,-1
69,-1,1036.9302,172.20067,13.10022,32.814713,0.6253895,-1,-1,-1
70,-1,916.5144,153.07169,28.961243,83.03075,0.99694985,-1,-1,-1
70,-1,370.80725,169.3296,30.375519,82.69438,0.99663603,-1,-1,-1
70,-1,894.8981,155.26395,25.494202,80.86366,0.99346787,-1,-1,-1
70,-1,342.4854,166.2478,28.371613,71.5565,0.9688746,-1,-1,-1
70,-1,842.57355,164.38531,11.75885,37.608795,0.9140848,-1,-1,-1
70,-1,829.31195,161.6735,12.087891,43.11328,0.8760406,-1,-1,-1
70,-1,815.62463,165.6179,12.001587,33.89839,0.8513502,-1,-1,-1
71,-1,928.4361,150.62312,29.10376,85.80586,0.9987679,-1,-1,-1
71,-1,367.9606,168.95319,28.115692,83.28259,0.99615294,-1,-1,-1
71,-1,903.72565,154.95653,28.937927,84.22722,0.9925801,-1,-1,-1
71,-1,339.07684,166.88228,24.291992,63.29167,0.97837985,-1,-1,-1
71,-1,830.2307,162.20654,14.232971,43.01088,0.92483556,-1,-1,-1
71,-1,843.62885,162.04626,12.861816,40.042023,0.8686467,-1,-1,-1
71,-1,816.69403,166.14903,11.66217,31.61827,0.7394348,-1,-1,-1
71,-1,512.30304,185.88702,10.955444,29.113052,0.5629106,-1,-1,-1
72,-1,941.745,148.34685,29.51178,93.39786,0.9980769,-1,-1,-1
72,-1,912.4039,154.56017,31.744751,89.04195,0.9974251,-1,-1,-1
72,-1,360.7944,168.5545,27.611267,87.45029,0.9973832,-1,-1,-1
72,-1,332.1369,167.87723,25.82257,64.4711,0.9958572,-1,-1,-1
72,-1,832.70465,166.66904,13.0425415,38.306747,0.95191574,-1,-1,-1
72,-1,844.88837,162.09454,12.931519,40.577515,0.9243202,-1,-1,-1
72,-1,816.83014,167.61687,13.663452,31.985214,0.75012296,-1,-1,-1
72,-1,1026.1763,173.83888,11.285522,29.867981,0.6102206,-1,-1,-1
73,-1,954.3795,148.62897,32.17456,97.527695,0.9989587,-1,-1,-1
73,-1,350.01257,169.0206,34.35782,93.127655,0.99872965,-1,-1,-1
73,-1,926.2882,152.84221,30.02716,92.76677,0.9962633,-1,-1,-1
73,-1,325.60583,166.79239,25.439392,66.26936,0.99527824,-1,-1,-1
73,-1,847.984,163.76639,13.409851,40.84967,0.9622213,-1,-1,-1
73,-1,834.3376,163.41423,14.506897,44.79196,0.9444256,-1,-1,-1
73,-1,816.96106,169.75575,13.393982,30.02237,0.7840286,-1,-1,-1
74,-1,966.6988,148.3119,34.623962,99.859604,0.9989594,-1,-1,-1
74,-1,336.5936,169.4504,43.77652,95.80968,0.998642,-1,-1,-1
74,-1,938.45636,154.25732,30.972351,94.96504,0.9950557,-1,-1,-1
74,-1,318.27594,166.99817,26.501617,64.13638,0.993745,-1,-1,-1
74,-1,835.607,165.35382,14.458679,41.978363,0.9253627,-1,-1,-1
74,-1,849.5379,163.75429,12.421753,41.557083,0.91845936,-1,-1,-1
74,-1,818.22833,167.79004,15.23114,33.82141,0.84702796,-1,-1,-1
75,-1,981.472,148.48051,37.979614,107.03584,0.9991322,-1,-1,-1
75,-1,320.42712,169.76892,47.71466,101.71481,0.9978115,-1,-1,-1
75,-1,951.8545,154.62282,32.551636,100.11084,0.99625266,-1,-1,-1
75,-1,310.4378,166.96268,28.149933,71.87042,0.99276525,-1,-1,-1
75,-1,837.94617,164.62384,15.492432,46.428085,0.97218704,-1,-1,-1
75,-1,820.91144,169.86853,11.695618,34.690918,0.88498807,-1,-1,-1
75,-1,852.0014,164.22963,13.384949,42.801544,0.82021725,-1,-1,-1
75,-1,828.6834,165.06311,10.427185,38.54698,0.6829347,-1,-1,-1
75,-1,834.9805,166.07436,9.670959,42.406403,0.59870785,-1,-1,-1
76,-1,999.2484,147.29868,41.956543,114.11072,0.99913687,-1,-1,-1
76,-1,312.90714,172.67365,45.243927,102.33426,0.9987565,-1,-1,-1
76,-1,964.27747,156.84131,37.691345,104.48355,0.99737585,-1,-1,-1
76,-1,302.18524,168.85422,25.824768,63.314117,0.98054725,-1,-1,-1
76,-1,854.0074,167.94168,13.819397,42.3425,0.97086775,-1,-1,-1
76,-1,839.7818,165.37677,14.494751,48.242615,0.9127822,-1,-1,-1
76,-1,838.2148,166.18036,9.9366455,45.21318,0.7156764,-1,-1,-1
76,-1,822.60126,171.15704,13.669983,40.280243,0.7000615,-1,-1,-1
76,-1,590.39154,171.59218,13.883362,39.344757,0.64845407,-1,-1,-1
76,-1,485.7784,193.68324,9.743744,30.655792,0.5707504,-1,-1,-1
76,-1,610.92303,173.7643,8.702393,27.597809,0.5551142,-1,-1,-1
77,-1,1018.3479,145.42162,45.854736,122.97926,0.99945956,-1,-1,-1
77,-1,304.7602,171.00414,38.739105,110.027756,0.99808276,-1,-1,-1
77,-1,981.5457,154.5829,38.50714,111.88652,0.9954005,-1,-1,-1
77,-1,293.22455,168.54756,25.333069,42.34384,0.9478287,-1,-1,-1
77,-1,842.27386,165.63937,14.488464,49.764313,0.93815744,-1,-1,-1
77,-1,855.41595,168.88423,14.571594,42.024597,0.92291236,-1,-1,-1
77,-1,824.02704,171.03053,14.329407,44.787262,0.9002332,-1,-1,-1
77,-1,813.6823,168.15796,12.636536,25.755783,0.8625151,-1,-1,-1
77,-1,607.3356,174.18227,9.642273,29.859695,0.6500448,-1,-1,-1
77,-1,829.9636,167.60428,12.176758,43.319214,0.5127163,-1,-1,-1
78,-1,1045.2308,144.02792,49.19995,128.01587,0.9991079,-1,-1,-1
78,-1,286.21213,167.46991,53.376007,117.415344,0.9970726,-1,-1,-1
78,-1,1001.62036,152.41528,41.01294,121.56552,0.9960647,-1,-1,-1
78,-1,858.11725,167.62259,15.663269,44.400208,0.95710325,-1,-1,-1
78,-1,845.2257,166.88474,14.360352,48.155853,0.94613117,-1,-1,-1
78,-1,827.19037,173.58849,12.576904,32.823196,0.76113147,-1,-1,-1
78,-1,603.5843,173.73407,9.195984,29.147049,0.7582122,-1,-1,-1
78,-1,811.46564,168.50574,10.944885,23.54567,0.67970014,-1,-1,-1
79,-1,1066.7832,143.82533,65.34131,137.78069,0.99929,-1,-1,-1
79,-1,1018.71936,150.69162,49.792603,129.61972,0.9984421,-1,-1,-1
79,-1,266.54294,168.88136,59.974854,122.293106,0.9976362,-1,-1,-1
79,-1,859.5209,167.99504,15.5460205,44.93907,0.97146577,-1,-1,-1
79,-1,845.95905,168.97192,15.575684,47.557617,0.9048011,-1,-1,-1
79,-1,826.4009,172.51352,14.757996,35.41783,0.80061716,-1,-1,-1
79,-1,599.74603,173.7402,9.8966675,29.668564,0.7355007,-1,-1,-1
79,-1,831.7571,172.42302,12.235107,39.00969,0.611823,-1,-1,-1
80,-1,1097.3599,144.58546,76.17407,148.3455,0.9989772,-1,-1,-1
80,-1,1043.2456,148.82196,57.434692,140.25842,0.9985905,-1,-1,-1
80,-1,244.53745,166.54192,46.332245,133.87453,0.99755305,-1,-1,-1
80,-1,861.5928,167.67032,16.78363,46.936844,0.9810113,-1,-1,-1
80,-1,843.3561,167.09555,19.45288,49.96608,0.962629,-1,-1,-1
80,-1,826.82715,170.16443,15.844543,39.704742,0.94852424,-1,-1,-1
80,-1,276.17044,165.08646,29.715637,78.52423,0.80245304,-1,-1,-1
80,-1,594.9731,174.37535,9.334961,30.273895,0.78501534,-1,-1,-1
80,-1,277.10605,165.99016,23.483887,47.739777,0.5828388,-1,-1,-1
81,-1,1071.8701,150.26807,62.89038,153.37482,0.9980008,-1,-1,-1
81,-1,1133.1774,135.61354,77.81091,166.92232,0.99759334,-1,-1,-1
81,-1,220.23523,169.3688,50.0123,139.53845,0.9945391,-1,-1,-1
81,-1,862.46936,166.29784,16.221924,51.06642,0.98204535,-1,-1,-1
81,-1,257.45087,168.38512,32.915924,74.69429,0.9453988,-1,-1,-1
81,-1,848.3744,165.10777,16.590027,54.455475,0.9140229,-1,-1,-1
81,-1,841.24097,163.94824,14.826172,53.770676,0.83052415,-1,-1,-1
81,-1,827.27545,172.38321,15.550049,44.475464,0.81848615,-1,-1,-1
81,-1,590.1614,173.72676,9.90863,31.31807,0.52501243,-1,-1,-1
82,-1,1106.1876,144.20987,68.88501,170.34476,0.99823123,-1,-1,-1
82,-1,189.07016,170.39175,62.266495,147.63678,0.99690574,-1,-1,-1
82,-1,1180.3228,136.0194,43.490967,166.08449,0.9929952,-1,-1,-1
82,-1,241.95607,168.04713,37.12996,72.67671,0.98299,-1,-1,-1
82,-1,865.2263,165.61316,13.904602,52.933105,0.95169383,-1,-1,-1
82,-1,828.1153,169.39981,18.061157,51.33661,0.94717383,-1,-1,-1
82,-1,850.52026,164.6079,17.30365,56.631622,0.92276484,-1,-1,-1
82,-1,585.71735,173.45813,9.898499,31.160294,0.8005556,-1,-1,-1
82,-1,803.98126,167.66238,9.514465,25.089584,0.6496957,-1,-1,-1
82,-1,870.13226,168.35362,13.197205,48.658752,0.59055346,-1,-1,-1
83,-1,1149.7175,138.99237,70.40796,189.64288,0.99819285,-1,-1,-1
83,-1,155.69376,167.27144,64.60593,161.62502,0.9948118,-1,-1,-1
83,-1,227.34795,168.16687,40.202927,78.134674,0.9859627,-1,-1,-1
83,-1,851.2355,166.33441,18.480286,56.218124,0.9754029,-1,-1,-1
83,-1,867.7486,164.49347,17.87085,55.440018,0.9708877,-1,-1,-1
83,-1,802.5907,168.87727,9.29834,24.304611,0.85034245,-1,-1,-1
83,-1,830.6117,170.78966,15.273071,44.865005,0.82130647,-1,-1,-1
83,-1,840.02203,166.98708,13.329895,48.776016,0.6259225,-1,-1,-1
83,-1,579.8014,174.22327,10.871704,31.45079,0.61860895,-1,-1,-1
84,-1,116.514336,171.82034,63.269966,173.73141,0.9942873,-1,-1,-1
84,-1,213.45636,170.37979,39.27661,76.75273,0.98649347,-1,-1,-1
84,-1,856.4166,166.35318,18.911865,59.861313,0.94369525,-1,-1,-1
84,-1,872.8735,170.57063,14.786621,51.03984,0.8918099,-1,-1,-1
84,-1,1196.6267,151.07126,26.743164,107.72522,0.89158785,-1,-1,-1
84,-1,836.896,168.35045,16.56958,53.02121,0.8596896,-1,-1,-1
84,-1,798.4891,170.61934,10.645142,25.272964,0.8180513,-1,-1,-1
84,-1,575.3957,175.86378,10.039673,33.682465,0.62145865,-1,-1,-1
84,-1,552.965,178.21881,12.920227,40.60794,0.5724052,-1,-1,-1
85,-1,73.56564,170.13324,68.81416,190.22672,0.9968086,-1,-1,-1
85,-1,859.2184,166.8587,20.165405,60.84767,0.9888271,-1,-1,-1
85,-1,199.21399,170.62653,42.16519,75.54033,0.9864994,-1,-1,-1
85,-1,875.6787,168.18324,17.593384,55.25479,0.9688423,-1,-1,-1
85,-1,797.66815,170.03653,9.584045,25.081757,0.8867289,-1,-1,-1
85,-1,835.1057,171.56972,16.853394,48.895966,0.6679564,-1,-1,-1
85,-1,570.2728,174.48253,10.452698,33.424545,0.56043,-1,-1,-1
85,-1,848.615,169.54565,10.096619,45.855606,0.55822957,-1,-1,-1
85,-1,547.56323,180.14699,12.131409,32.89215,0.55195653,-1,-1,-1
86,-1,22.998802,168.09328,83.26601,199.94658,0.9976902,-1,-1,-1
86,-1,186.62422,171.55116,42.29474,82.41229,0.9899317,-1,-1,-1
86,-1,862.54553,168.6544,17.985535,59.67215,0.91802305,-1,-1,-1
86,-1,838.3055,169.39621,26.375916,60.128616,0.83614784,-1,-1,-1
86,-1,879.46783,168.80566,13.697571,56.025085,0.8034234,-1,-1,-1
86,-1,564.6725,175.32944,10.093567,32.609528,0.77231973,-1,-1,-1
86,-1,811.67346,168.56013,8.950256,28.939194,0.6889693,-1,-1,-1
86,-1,797.5566,171.04471,9.609131,25.736526,0.6624298,-1,-1,-1
86,-1,860.4212,170.16011,10.944336,56.193222,0.5627784,-1,-1,-1
87,-1,169.46498,173.41243,44.410095,82.962296,0.9896818,-1,-1,-1
87,-1,844.0382,170.66113,18.101624,61.81476,0.9830497,-1,-1,-1
87,-1,0.058259785,176.22144,56.231018,193.77856,0.961278,-1,-1,-1
87,-1,874.1135,168.72473,14.447998,60.051254,0.9339654,-1,-1,-1
87,-1,883.7094,167.8297,15.74585,59.64923,0.9265215,-1,-1,-1
87,-1,831.0062,168.62888,8.905457,31.016632,0.8237911,-1,-1,-1
87,-1,558.31305,175.42506,10.874084,34.70677,0.6882996,-1,-1,-1
87,-1,810.3485,169.33907,8.426086,29.41098,0.6471271,-1,-1,-1
87,-1,382.14627,205.74657,14.270782,34.91429,0.51249427,-1,-1,-1
88,-1,154.4643,170.82254,45.674683,90.06259,0.9977551,-1,-1,-1
88,-1,846.8462,168.65228,21.50299,62.589615,0.94739527,-1,-1,-1
88,-1,889.82336,168.49187,16.361816,54.733383,0.8634629,-1,-1,-1
88,-1,552.91754,176.15672,9.815308,34.96997,0.8282567,-1,-1,-1
88,-1,826.588,165.9623,9.515991,32.443665,0.7189728,-1,-1,-1
88,-1,791.6011,169.36627,8.580627,28.322678,0.6664568,-1,-1,-1
88,-1,863.3705,164.45418,14.414551,65.70633,0.6488266,-1,-1,-1
89,-1,138.2434,167.8701,47.114304,98.05589,0.99715495,-1,-1,-1
89,-1,875.38544,160.71999,20.28894,72.13191,0.9654656,-1,-1,-1
89,-1,825.4133,166.09601,9.894287,31.266266,0.925169,-1,-1,-1
89,-1,850.8581,168.32901,22.85437,61.588608,0.92146254,-1,-1,-1
89,-1,546.0973,173.80067,11.14856,35.971222,0.8131248,-1,-1,-1
89,-1,788.10614,167.64561,8.974487,28.29071,0.76585513,-1,-1,-1
89,-1,805.69,167.04843,9.497864,29.716644,0.7174337,-1,-1,-1
89,-1,859.1359,164.10182,19.988647,66.53404,0.61680555,-1,-1,-1
89,-1,829.5035,166.38266,7.3793335,30.315552,0.50087166,-1,-1,-1
90,-1,122.41896,163.61412,39.60652,105.93257,0.98957574,-1,-1,-1
90,-1,881.1359,163.37128,27.485718,73.65321,0.9725073,-1,-1,-1
90,-1,855.4128,167.60745,23.581299,67.88876,0.96132684,-1,-1,-1
90,-1,824.25525,167.40938,10.061279,30.38411,0.90504444,-1,-1,-1
90,-1,538.94257,173.19633,12.086548,36.29149,0.8582756,-1,-1,-1
91,-1,100.126595,166.61885,57.0391,93.77809,0.9619636,-1,-1,-1
91,-1,860.41656,172.33382,25.995422,65.970535,0.9324374,-1,-1,-1
91,-1,782.84906,168.63246,11.082397,30.452316,0.91292566,-1,-1,-1
91,-1,888.2119,169.76567,25.122314,65.990555,0.90032655,-1,-1,-1
91,-1,824.1176,168.04123,9.67572,32.31955,0.8427458,-1,-1,-1
91,-1,531.18024,172.89731,12.320801,38.75995,0.7852644,-1,-1,-1
91,-1,910.80914,179.30678,14.551331,35.407837,0.67853487,-1,-1,-1
92,-1,96.64428,165.66113,47.524376,110.1774,0.9957618,-1,-1,-1
92,-1,868.52484,171.5695,28.29541,78.763916,0.9865666,-1,-1,-1
92,-1,897.9873,169.68143,25.731018,80.079605,0.9727261,-1,-1,-1
92,-1,822.9186,169.86876,9.913452,32.531082,0.932666,-1,-1,-1
92,-1,523.6465,174.8329,13.449585,40.42566,0.9174842,-1,-1,-1
92,-1,782.12714,174.10535,9.96637,27.31308,0.8624674,-1,-1,-1
92,-1,798.5723,172.16844,10.685303,28.618988,0.54490215,-1,-1,-1
92,-1,794.62885,171.31114,10.026794,30.16539,0.51397234,-1,-1,-1
93,-1,72.27077,169.95164,54.727066,104.37041,0.9975884,-1,-1,-1
93,-1,903.5679,167.89482,27.185669,85.79831,0.98548025,-1,-1,-1
93,-1,875.52747,171.71628,27.08899,80.327515,0.97630936,-1,-1,-1
93,-1,515.80634,174.75241,13.347839,43.40384,0.91199625,-1,-1,-1
93,-1,778.98376,172.33731,9.8703,29.965515,0.85861915,-1,-1,-1
93,-1,820.8298,168.55748,9.7005005,33.64604,0.8426275,-1,-1,-1
93,-1,797.7048,171.08034,10.133911,31.418625,0.8005879,-1,-1,-1
93,-1,793.40814,173.22974,8.986145,28.987427,0.54012144,-1,-1,-1
94,-1,54.261696,175.21979,57.837074,92.35806,0.99870825,-1,-1,-1
94,-1,909.9273,166.26808,34.363342,94.12605,0.99607927,-1,-1,-1
94,-1,879.2407,164.4823,34.321106,92.494995,0.9857276,-1,-1,-1
94,-1,819.24445,170.25061,9.945374,33.990448,0.9079203,-1,-1,-1
94,-1,508.02374,179.56807,14.020569,42.818222,0.75068843,-1,-1,-1
94,-1,789.7475,176.1935,9.954346,27.04631,0.6633649,-1,-1,-1
94,-1,797.6471,172.4158,10.680359,30.581024,0.6214064,-1,-1,-1
95,-1,35.819996,177.27092,59.43147,99.975815,0.99895823,-1,-1,-1
95,-1,919.3825,167.79956,33.81726,98.387146,0.9973029,-1,-1,-1
95,-1,888.906,165.64368,32.23578,102.1933,0.97823334,-1,-1,-1
95,-1,498.52435,179.28386,15.011108,48.040558,0.8301608,-1,-1,-1
95,-1,797.57404,175.63914,10.705811,31.617584,0.69739246,-1,-1,-1
95,-1,817.9363,174.94176,9.718384,33.04161,0.5944414,-1,-1,-1
96,-1,16.892487,176.92819,65.5462,107.274994,0.99737096,-1,-1,-1
96,-1,933.1625,167.33945,33.461548,106.065186,0.99477816,-1,-1,-1
96,-1,903.63116,170.8279,31.954407,98.34071,0.9625128,-1,-1,-1
96,-1,489.37753,178.96275,15.113678,48.58748,0.8850184,-1,-1,-1
96,-1,816.4803,176.69652,8.932251,33.138382,0.8069054,-1,-1,-1
96,-1,895.3021,165.03424,28.752197,89.80171,0.7859657,-1,-1,-1
97,-1,947.5755,167.55731,40.14337,105.71295,0.99663675,-1,-1,-1
97,-1,915.50397,167.25832,36.03955,110.84825,0.992736,-1,-1,-1
97,-1,0.07595052,173.08063,67.78785,100.10098,0.99241453,-1,-1,-1
97,-1,479.6112,176.52542,18.95462,57.26642,0.94640976,-1,-1,-1
97,-1,904.1699,160.26498,25.729797,82.49733,0.6725733,-1,-1,-1
97,-1,815.8946,175.4276,8.760986,33.11473,0.67103755,-1,-1,-1
98,-1,961.52606,166.82623,44.345825,113.473206,0.9963408,-1,-1,-1
98,-1,0.24536188,176.82767,47.408382,103.598206,0.99038565,-1,-1,-1
98,-1,925.0587,166.32458,41.889282,118.23801,0.9718911,-1,-1,-1
98,-1,471.34354,176.0552,20.992188,62.806152,0.95590276,-1,-1,-1
98,-1,812.4598,170.97574,9.426758,35.5403,0.82938015,-1,-1,-1
98,-1,792.3951,173.39847,10.870361,32.833954,0.80114686,-1,-1,-1
98,-1,912.0021,156.14145,31.092224,87.47333,0.76051664,-1,-1,-1
98,-1,783.70233,175.96648,9.193848,29.758575,0.6407937,-1,-1,-1
98,-1,772.1576,177.3545,11.015991,30.563446,0.6381617,-1,-1,-1
99,-1,977.1661,164.10892,42.927246,120.750824,0.99786276,-1,-1,-1
99,-1,925.9912,153.75488,30.72229,112.62631,0.9744669,-1,-1,-1
99,-1,943.14404,170.24785,36.979187,110.850845,0.95090145,-1,-1,-1
99,-1,459.44907,178.24373,20.697968,61.929413,0.9060976,-1,-1,-1
99,-1,812.7712,171.00746,8.3203125,33.525192,0.836689,-1,-1,-1
99,-1,781.12775,176.76839,9.626953,28.280746,0.6551942,-1,-1,-1
99,-1,790.78595,173.41634,11.726807,31.567215,0.64422756,-1,-1,-1
99,-1,476.60828,175.99956,11.408173,32.165375,0.5942829,-1,-1,-1
99,-1,771.1756,174.65518,10.067566,32.123947,0.5347348,-1,-1,-1
100,-1,1003.32623,158.58765,46.077576,127.9111,0.996947,-1,-1,-1
100,-1,958.961,170.27834,40.23242,117.597946,0.9681635,-1,-1,-1
100,-1,809.7967,165.67192,12.651978,37.029434,0.9367955,-1,-1,-1
100,-1,936.3859,151.01106,37.770935,117.08598,0.91884154,-1,-1,-1
100,-1,789.0031,171.37822,13.696655,32.826187,0.85459447,-1,-1,-1
100,-1,447.38824,177.22609,20.418,54.772263,0.6318608,-1,-1,-1
100,-1,990.10785,159.28644,29.000671,113.607086,0.55468076,-1,-1,-1
100,-1,779.1549,171.58092,11.18811,31.524246,0.53876525,-1,-1,-1
100,-1,820.6657,165.63814,10.658264,36.766144,0.53235507,-1,-1,-1
101,-1,1026.4001,152.21376,53.614136,142.14378,0.9975688,-1,-1,-1
101,-1,950.6394,152.34685,39.51416,119.04866,0.98548895,-1,-1,-1
101,-1,975.8988,163.1889,50.492554,132.05087,0.9831467,-1,-1,-1
101,-1,961.51685,158.09459,43.1911,124.54375,0.7029419,-1,-1,-1
101,-1,765.5083,171.19188,12.357056,32.358917,0.6912554,-1,-1,-1
101,-1,809.1549,163.65764,12.453491,38.784668,0.6728999,-1,-1,-1
101,-1,788.524,170.7733,13.626038,31.612015,0.5772552,-1,-1,-1
102,-1,1050.079,154.2188,67.111084,150.3438,0.9983132,-1,-1,-1
102,-1,997.74634,167.27412,49.784546,135.30492,0.9948902,-1,-1,-1
102,-1,965.75336,148.92224,41.863953,125.28247,0.98745805,-1,-1,-1
102,-1,787.91406,169.02686,12.749268,34.133713,0.95333195,-1,-1,-1
102,-1,765.041,170.23624,12.13739,33.345398,0.9108254,-1,-1,-1
102,-1,776.71045,170.5322,10.337524,33.43361,0.77949363,-1,-1,-1
102,-1,1042.1647,159.04239,20.724243,113.95145,0.71416706,-1,-1,-1
102,-1,806.4173,164.43808,12.559631,38.008713,0.6769574,-1,-1,-1
102,-1,422.8222,176.03859,25.545074,69.18175,0.54463404,-1,-1,-1
103,-1,1079.2198,153.25137,75.479126,160.36252,0.996336,-1,-1,-1
103,-1,1029.3536,163.76419,53.578613,148.77823,0.99585515,-1,-1,-1
103,-1,984.4429,147.30644,54.940186,143.88545,0.9939283,-1,-1,-1
103,-1,787.2368,168.04958,13.042725,36.073715,0.95998245,-1,-1,-1
103,-1,775.7901,169.2393,10.266418,34.94989,0.8613229,-1,-1,-1
103,-1,804.965,162.35896,12.897827,40.456757,0.8384952,-1,-1,-1
103,-1,763.86926,170.35564,11.392456,33.40088,0.81594676,-1,-1,-1
104,-1,1117.4363,149.77625,78.44226,182.48303,0.9985361,-1,-1,-1
104,-1,1058.9642,159.60378,60.540527,158.29869,0.9853447,-1,-1,-1
104,-1,1011.94507,143.4938,50.914917,144.84964,0.9652129,-1,-1,-1
104,-1,786.4482,166.99364,13.540039,35.106857,0.96083164,-1,-1,-1
104,-1,803.9526,160.77188,12.066589,39.810837,0.8476953,-1,-1,-1
104,-1,763.4621,168.26115,11.835205,34.25621,0.7727915,-1,-1,-1
104,-1,775.1179,167.2354,10.365845,34.402008,0.7657097,-1,-1,-1
105,-1,1090.0455,156.95805,84.90222,183.80727,0.9935855,-1,-1,-1
105,-1,1030.3834,142.73145,60.38611,148.46368,0.99355376,-1,-1,-1
105,-1,1163.8085,147.51147,58.122803,195.01077,0.9907901,-1,-1,-1
105,-1,786.5921,165.11711,13.287781,36.27986,0.96539134,-1,-1,-1
105,-1,762.99146,165.36716,12.000183,34.973907,0.9436121,-1,-1,-1
105,-1,802.8866,158.3329,11.993103,40.95305,0.87873507,-1,-1,-1
105,-1,774.8958,164.89493,10.69696,35.86104,0.8520601,-1,-1,-1
105,-1,780.589,163.88861,15.948669,38.148468,0.54433477,-1,-1,-1
105,-1,791.6865,160.46835,13.95636,40.80995,0.5141327,-1,-1,-1
106,-1,1056.9822,140.42737,68.3927,162.89465,0.9979188,-1,-1,-1
106,-1,1145.2513,153.936,76.24817,199.66885,0.9959609,-1,-1,-1
106,-1,787.6058,161.62805,12.690308,36.90277,0.9835293,-1,-1,-1
106,-1,761.6726,161.79855,13.485596,37.07846,0.9816258,-1,-1,-1
106,-1,773.7472,163.14261,10.138733,34.720047,0.84670585,-1,-1,-1
106,-1,803.777,160.26509,10.403748,38.894608,0.8228288,-1,-1,-1
106,-1,796.4549,157.28313,13.552185,41.067337,0.60033226,-1,-1,-1
106,-1,776.9864,166.09146,12.93042,32.467392,0.5191618,-1,-1,-1
106,-1,1138.2675,157.64758,41.808594,114.31888,0.50671226,-1,-1,-1
107,-1,1089.6826,132.3501,74.92981,184.78629,0.9988206,-1,-1,-1
107,-1,788.6193,159.66806,12.002014,38.834778,0.99170214,-1,-1,-1
107,-1,761.1853,161.46092,14.043274,38.94275,0.98396087,-1,-1,-1
107,-1,340.98035,170.21179,23.10498,61.94873,0.96367854,-1,-1,-1
107,-1,1166.3146,158.91335,57.31555,146.13551,0.9068985,-1,-1,-1
107,-1,800.96484,161.24907,11.521851,36.059402,0.87813735,-1,-1,-1
107,-1,773.41364,161.12297,10.46814,37.4368,0.84435016,-1,-1,-1
108,-1,1132.0111,131.30191,81.43787,208.0252,0.99786866,-1,-1,-1
108,-1,760.56036,160.9148,14.499573,40.9393,0.98831683,-1,-1,-1
108,-1,788.10864,157.25891,14.461121,42.421265,0.97530055,-1,-1,-1
108,-1,317.6944,172.00241,31.69519,60.13794,0.967286,-1,-1,-1
108,-1,772.2683,161.6495,10.572388,37.745087,0.8832425,-1,-1,-1
108,-1,801.32367,159.90906,9.615295,37.346664,0.771606,-1,-1,-1
108,-1,1127.601,137.47713,16.39087,20.354324,0.6961639,-1,-1,-1
108,-1,1196.5829,139.96169,26.539062,107.34494,0.6474373,-1,-1,-1
108,-1,768.1397,160.6578,11.25116,40.81224,0.56860036,-1,-1,-1
109,-1,760.3144,160.78851,13.776367,40.715576,0.9887917,-1,-1,-1
109,-1,788.238,157.39699,14.115784,43.294205,0.9804858,-1,-1,-1
109,-1,1181.5443,150.91083,42.340576,190.67657,0.97062284,-1,-1,-1
109,-1,772.19684,160.29988,11.742981,39.190216,0.9466837,-1,-1,-1
109,-1,298.38925,172.63841,32.997253,58.594345,0.8301111,-1,-1,-1
109,-1,799.3718,158.88661,11.928894,38.061005,0.8116485,-1,-1,-1
110,-1,276.1037,167.69493,41.456238,64.45128,0.98530906,-1,-1,-1
110,-1,758.35486,158.3146,13.330444,41.552704,0.98380405,-1,-1,-1
110,-1,789.4148,158.72447,13.532043,41.335587,0.98302114,-1,-1,-1
110,-1,772.2729,159.40926,11.1762085,40.38629,0.95051205,-1,-1,-1
110,-1,795.3181,155.55334,11.546143,42.369995,0.74482745,-1,-1,-1
111,-1,759.1458,158.25218,13.927124,42.04123,0.9917856,-1,-1,-1
111,-1,771.24884,160.07486,13.8567505,40.160095,0.99093586,-1,-1,-1
111,-1,789.5239,155.89828,14.989807,43.064713,0.9799768,-1,-1,-1
111,-1,248.34392,167.6703,43.43779,66.9787,0.9781042,-1,-1,-1
111,-1,796.0068,154.87595,11.977356,43.03778,0.88206106,-1,-1,-1
111,-1,295.46637,175.79509,17.692108,59.279648,0.8671388,-1,-1,-1
112,-1,772.2559,160.61168,13.707153,39.920822,0.9920682,-1,-1,-1
112,-1,758.77924,159.26039,14.184814,40.965836,0.9903396,-1,-1,-1
112,-1,792.811,155.96228,16.141357,45.863937,0.9888587,-1,-1,-1
112,-1,223.80469,166.99939,47.025482,71.35237,0.95887846,-1,-1,-1
112,-1,280.3617,177.30064,19.22638,59.39183,0.85738957,-1,-1,-1
113,-1,759.1206,159.2879,15.261719,41.885162,0.9949439,-1,-1,-1
113,-1,792.76776,156.81831,16.841553,45.26906,0.99408877,-1,-1,-1
113,-1,198.41782,167.52788,49.93799,75.2021,0.9748735,-1,-1,-1
113,-1,774.95325,159.53552,12.992676,40.408676,0.9503276,-1,-1,-1
114,-1,795.5909,157.0545,15.8063965,48.199783,0.9943802,-1,-1,-1
114,-1,759.35297,158.71693,16.142395,46.267014,0.9929395,-1,-1,-1
114,-1,168.98134,167.28401,52.02159,80.191315,0.98948824,-1,-1,-1
114,-1,777.0822,159.60747,14.082336,42.46997,0.94473636,-1,-1,-1
114,-1,245.73819,179.4259,23.112793,60.951324,0.6186043,-1,-1,-1
115,-1,130.71082,168.23738,57.395813,84.07976,0.9970145,-1,-1,-1
115,-1,797.0929,159.10703,16.78186,46.337692,0.9969037,-1,-1,-1
115,-1,761.44666,160.00429,13.688599,48.28186,0.9861881,-1,-1,-1
115,-1,778.5534,161.596,13.705872,41.667374,0.93625677,-1,-1,-1
115,-1,227.87914,180.51025,22.535614,66.179794,0.913144,-1,-1,-1
115,-1,187.7538,177.84827,20.603668,32.24579,0.5621728,-1,-1,-1
116,-1,800.34753,160.20924,15.914124,46.78395,0.9941928,-1,-1,-1
116,-1,89.3162,170.65318,60.816017,89.93074,0.9941486,-1,-1,-1
116,-1,205.44844,180.7091,24.588058,71.2722,0.9317401,-1,-1,-1
116,-1,780.4586,161.13408,12.320618,46.400208,0.87415856,-1,-1,-1
116,-1,764.7193,161.77478,11.864136,45.963364,0.5409823,-1,-1,-1
117,-1,38.95931,174.73923,71.86081,83.66147,0.9966371,-1,-1,-1
117,-1,803.86646,160.67206,16.659607,47.88701,0.99089056,-1,-1,-1
117,-1,782.84937,162.75165,13.901978,45.19873,0.97349244,-1,-1,-1
118,-1,4.029122,173.80933,62.200546,98.08548,0.9936619,-1,-1,-1
118,-1,806.28864,157.78636,18.212585,53.010025,0.9884278,-1,-1,-1
118,-1,785.5418,158.91112,14.926392,50.062714,0.96999925,-1,-1,-1
118,-1,164.016,182.90636,28.419647,76.48427,0.93327004,-1,-1,-1
118,-1,0.0,173.47252,28.771158,61.16635,0.8431495,-1,-1,-1
118,-1,800.6217,158.62132,9.87323,44.28662,0.605795,-1,-1,-1
119,-1,809.38336,157.03627,17.908264,54.13925,0.99260217,-1,-1,-1
119,-1,786.2824,160.23125,14.753845,49.005737,0.98710537,-1,-1,-1
119,-1,763.5626,160.40117,16.081116,51.052734,0.9748297,-1,-1,-1
119,-1,138.48581,182.93307,29.213364,81.55322,0.95303756,-1,-1,-1
119,-1,800.8259,159.43567,11.313904,43.44287,0.8247964,-1,-1,-1
119,-1,794.0947,159.81804,11.43866,48.608185,0.5471997,-1,-1,-1
120,-1,764.54706,159.48195,16.810913,51.919678,0.99393106,-1,-1,-1
120,-1,812.29346,156.05536,17.432678,55.80368,0.99335265,-1,-1,-1
120,-1,100.01174,183.83122,35.50036,85.99312,0.9670506,-1,-1,-1
120,-1,789.62445,157.47856,14.686707,52.368546,0.9645302,-1,-1,-1
120,-1,803.1492,158.49033,11.130615,44.92018,0.92777824,-1,-1,-1
120,-1,786.9613,158.30043,11.701294,49.887634,0.7215734,-1,-1,-1
121,-1,815.311,158.06876,20.058044,54.552338,0.99257326,-1,-1,-1
121,-1,765.533,157.8029,19.693604,54.485397,0.9841987,-1,-1,-1
121,-1,71.07989,184.6658,34.535034,91.35855,0.9778357,-1,-1,-1
121,-1,794.4257,158.54187,13.601074,51.86493,0.96810883,-1,-1,-1
121,-1,799.22266,156.33707,13.561829,50.00499,0.674448,-1,-1,-1
121,-1,882.72003,136.04633,10.74762,25.259521,0.65508175,-1,-1,-1
122,-1,818.8066,157.1775,20.753723,57.255066,0.99024826,-1,-1,-1
122,-1,766.7095,158.05093,18.508728,54.958267,0.98976713,-1,-1,-1
122,-1,32.408787,183.69206,38.996746,100.03664,0.95032036,-1,-1,-1
122,-1,800.63654,155.03624,11.402832,49.043182,0.8929877,-1,-1,-1
122,-1,668.6541,141.37515,18.592468,37.879547,0.5328669,-1,-1,-1
122,-1,882.3296,136.34967,11.871643,24.736603,0.5196307,-1,-1,-1
123,-1,821.43317,157.87213,21.311035,57.594315,0.9940376,-1,-1,-1
123,-1,769.9607,158.82513,19.004333,54.905167,0.9896287,-1,-1,-1
124,-1,825.7253,157.49121,21.48883,61.362244,0.9947531,-1,-1,-1
124,-1,771.7982,159.16039,21.243652,56.68248,0.9885329,-1,-1,-1
124,-1,802.76056,160.3283,12.16156,51.12216,0.9231259,-1,-1,-1
125,-1,830.3323,156.55421,20.641785,61.77112,0.99534494,-1,-1,-1
125,-1,775.7738,160.05983,21.484558,57.518753,0.9938704,-1,-1,-1
125,-1,803.3587,157.21295,17.622803,59.018524,0.96387976,-1,-1,-1
126,-1,779.20245,159.70317,21.277527,58.029587,0.99909925,-1,-1,-1
126,-1,840.8694,157.62341,17.20337,61.93541,0.9857594,-1,-1,-1
126,-1,806.63293,158.56117,18.987488,58.975815,0.98168683,-1,-1,-1
127,-1,783.5597,159.0178,20.392944,61.190567,0.9964791,-1,-1,-1
127,-1,809.0203,158.42603,20.851318,60.742447,0.9785806,-1,-1,-1
127,-1,804.56946,154.1873,13.800476,27.16397,0.52940595,-1,-1,-1
128,-1,846.0792,157.73882,20.575317,65.0914,0.99656075,-1,-1,-1
128,-1,785.49384,158.50078,23.29535,65.572296,0.99595886,-1,-1,-1
128,-1,814.29083,161.21986,19.365234,59.824295,0.9954367,-1,-1,-1
128,-1,804.1069,155.64432,15.121643,47.837982,0.5735652,-1,-1,-1
129,-1,852.16315,155.16048,24.45465,70.95068,0.99796057,-1,-1,-1
129,-1,817.47284,160.83063,19.600708,63.598602,0.996876,-1,-1,-1
129,-1,788.91016,160.23953,27.777405,65.66945,0.9968033,-1,-1,-1
129,-1,807.2026,157.20374,11.261658,26.48207,0.51878285,-1,-1,-1
130,-1,793.0995,158.75522,30.20642,70.211334,0.9974751,-1,-1,-1
130,-1,859.78314,156.48181,25.065247,74.610275,0.99614644,-1,-1,-1
130,-1,823.94135,160.8129,20.707458,64.519455,0.99513865,-1,-1,-1
131,-1,865.23444,155.61732,28.367493,76.43666,0.99719846,-1,-1,-1
131,-1,800.52344,156.90558,24.292236,70.37651,0.9954862,-1,-1,-1
131,-1,828.10815,157.55138,24.351135,70.165146,0.9926472,-1,-1,-1
132,-1,872.78107,156.24246,30.324707,77.956696,0.99586344,-1,-1,-1
132,-1,836.5624,158.92642,22.390686,69.66354,0.99408287,-1,-1,-1
132,-1,804.2982,155.0995,29.301392,76.11519,0.99159825,-1,-1,-1
132,-1,796.8911,158.53723,10.5651245,35.833496,0.6232666,-1,-1,-1
133,-1,880.1693,153.19118,29.801086,85.1983,0.9975516,-1,-1,-1
133,-1,842.18036,158.4394,21.765137,74.05722,0.99567693,-1,-1,-1
133,-1,810.0688,154.38249,31.37738,80.918686,0.9931919,-1,-1,-1
133,-1,796.0297,156.99196,16.020386,37.829224,0.9402384,-1,-1,-1
134,-1,888.2227,150.91003,32.69287,90.364685,0.99763083,-1,-1,-1
134,-1,818.9226,155.2286,28.86676,81.34778,0.99757856,-1,-1,-1
134,-1,847.1794,157.40584,27.541382,80.92096,0.99648935,-1,-1,-1
134,-1,796.52734,156.16133,13.986877,39.27246,0.9792749,-1,-1,-1
134,-1,812.1488,152.65567,11.541504,35.888428,0.80737257,-1,-1,-1
134,-1,814.01843,153.42793,13.767517,50.112732,0.5563521,-1,-1,-1
134,-1,802.55273,155.01741,12.395325,39.20836,0.5454355,-1,-1,-1
135,-1,824.6467,155.09064,33.32361,89.74094,0.99774325,-1,-1,-1
135,-1,899.9665,152.16258,34.15338,91.77019,0.99627906,-1,-1,-1
135,-1,855.3778,156.7639,26.791199,84.52736,0.99201787,-1,-1,-1
135,-1,797.3783,154.42906,13.051819,41.3714,0.9870221,-1,-1,-1
135,-1,813.05945,151.67049,15.400879,53.711777,0.9537114,-1,-1,-1
136,-1,908.90576,150.59349,35.97937,95.56171,0.99905866,-1,-1,-1
136,-1,834.6859,153.75252,33.425476,93.16571,0.996855,-1,-1,-1
136,-1,866.24,155.44487,27.738464,90.22493,0.9922707,-1,-1,-1
136,-1,813.58856,149.95073,20.270996,58.543,0.977812,-1,-1,-1
136,-1,798.3275,154.15715,14.863525,42.560516,0.95800304,-1,-1,-1
137,-1,920.7775,150.73508,42.72107,100.82713,0.99812895,-1,-1,-1
137,-1,845.04175,150.69029,32.511963,100.127655,0.995808,-1,-1,-1
137,-1,875.84045,155.3046,30.370667,96.3624,0.99116373,-1,-1,-1
137,-1,797.8841,157.99147,13.918823,38.46295,0.9621369,-1,-1,-1
137,-1,816.3071,150.63533,17.53894,58.017593,0.96078926,-1,-1,-1
138,-1,934.4934,150.43419,43.369507,106.998856,0.99756706,-1,-1,-1
138,-1,854.9205,151.73799,37.335144,105.012955,0.9962775,-1,-1,-1
138,-1,889.6249,155.26077,32.57312,96.1624,0.9868016,-1,-1,-1
138,-1,817.92065,150.41208,16.242798,58.95958,0.9652243,-1,-1,-1
138,-1,798.30896,158.3027,13.231384,37.14807,0.94808364,-1,-1,-1
139,-1,954.5953,147.7577,43.465027,114.35756,0.9985825,-1,-1,-1
139,-1,869.7178,152.22,35.514587,107.30603,0.9945418,-1,-1,-1
139,-1,900.0413,156.33717,37.695923,100.978775,0.9879838,-1,-1,-1
139,-1,819.0044,150.52414,19.036255,61.137543,0.97961307,-1,-1,-1
139,-1,799.0257,157.47421,16.432861,38.30699,0.89846903,-1,-1,-1
140,-1,974.07684,144.14243,46.453064,122.08365,0.9986701,-1,-1,-1
140,-1,881.8704,149.82999,41.2276,113.44879,0.99303234,-1,-1,-1
140,-1,923.31476,155.21152,32.19232,106.03125,0.9833824,-1,-1,-1
140,-1,821.2056,151.42497,17.281433,60.453934,0.97174656,-1,-1,-1
140,-1,800.1427,159.68437,16.43341,39.74646,0.94482523,-1,-1,-1
140,-1,221.20749,199.67113,32.106293,33.86438,0.856351,-1,-1,-1
141,-1,993.93915,142.0745,52.562317,132.76654,0.99861205,-1,-1,-1
141,-1,938.22284,150.90887,36.930054,117.306335,0.9931641,-1,-1,-1
141,-1,894.0207,150.24126,50.60498,118.2809,0.9923544,-1,-1,-1
141,-1,820.0988,151.0591,21.30371,61.557053,0.982591,-1,-1,-1
141,-1,196.5083,200.88864,41.753555,36.95514,0.8092731,-1,-1,-1
141,-1,801.17615,158.02177,14.606934,40.354355,0.70565045,-1,-1,-1
141,-1,807.3485,157.99565,13.086975,41.511047,0.5447456,-1,-1,-1
142,-1,1021.27454,138.55067,54.470093,141.55998,0.9977392,-1,-1,-1
142,-1,911.73413,148.60736,58.43048,131.53192,0.9969199,-1,-1,-1
142,-1,963.3266,150.73883,39.042053,128.40747,0.9926278,-1,-1,-1
142,-1,824.0153,151.09428,20.022522,62.00151,0.97324365,-1,-1,-1
142,-1,163.90685,203.42342,42.33101,38.773056,0.81126076,-1,-1,-1
142,-1,805.0791,159.7344,10.919556,31.330704,0.69605196,-1,-1,-1
143,-1,1051.2339,139.56653,56.4989,149.05399,0.9969253,-1,-1,-1
143,-1,984.189,153.22655,42.725403,138.31282,0.9949586,-1,-1,-1
143,-1,934.1861,143.81248,59.52997,144.77318,0.9948402,-1,-1,-1
143,-1,826.28754,150.23318,23.718384,63.763657,0.9691144,-1,-1,-1
143,-1,128.33852,203.7641,50.551407,43.659363,0.9025065,-1,-1,-1
143,-1,808.6131,160.51651,12.273926,38.53154,0.8527908,-1,-1,-1
143,-1,803.83887,160.51155,10.88031,37.368515,0.64461493,-1,-1,-1
143,-1,822.51135,153.8364,14.352539,48.480423,0.5548392,-1,-1,-1
144,-1,956.8869,148.94603,75.409,149.25163,0.9979673,-1,-1,-1
144,-1,1080.5533,136.83632,64.77197,166.77379,0.99772185,-1,-1,-1
144,-1,1005.08466,153.61783,53.38849,146.44046,0.9893662,-1,-1,-1
144,-1,829.9628,149.97708,21.123962,65.01898,0.98446065,-1,-1,-1
144,-1,805.9207,158.60736,13.263184,40.698013,0.91575813,-1,-1,-1
144,-1,87.44199,207.64471,57.27482,45.75905,0.8036519,-1,-1,-1
144,-1,821.1573,157.74352,11.23822,43.513306,0.5182814,-1,-1,-1
145,-1,986.26544,144.17691,74.92047,162.27051,0.99733305,-1,-1,-1
145,-1,1116.5298,132.19223,72.21338,185.95874,0.99712,-1,-1,-1
145,-1,1037.7727,151.63284,57.789307,152.21185,0.9938232,-1,-1,-1
145,-1,831.3223,148.19958,20.239624,66.00035,0.99023867,-1,-1,-1
145,-1,805.85944,159.28598,13.641296,40.55841,0.903975,-1,-1,-1
145,-1,821.4611,156.84662,12.539917,45.02144,0.8464095,-1,-1,-1
145,-1,47.225025,206.23613,61.0656,52.996597,0.7873212,-1,-1,-1
146,-1,1019.1072,136.04353,91.533325,181.40038,0.99849045,-1,-1,-1
146,-1,1081.5709,144.97858,53.712402,168.79181,0.98915255,-1,-1,-1
146,-1,1165.7052,128.94939,58.2948,199.97777,0.98898995,-1,-1,-1
146,-1,836.90594,150.66742,18.742798,63.941574,0.98862225,-1,-1,-1
146,-1,823.5386,157.56317,11.498718,44.217773,0.934535,-1,-1,-1
146,-1,808.20557,158.02148,13.370605,42.989044,0.91973525,-1,-1,-1
146,-1,5.005387,207.32013,58.252697,61.076843,0.80312395,-1,-1,-1
146,-1,917.48456,126.14672,14.134644,28.823952,0.5692063,-1,-1,-1
147,-1,1052.5242,132.54712,101.67993,207.68512,0.9957463,-1,-1,-1
147,-1,1125.205,140.85695,66.487305,192.29301,0.9929518,-1,-1,-1
147,-1,836.2375,150.87625,24.062073,65.023254,0.9858584,-1,-1,-1
147,-1,824.3465,155.07817,13.158081,46.845398,0.9731608,-1,-1,-1
147,-1,808.4354,155.50084,13.054138,43.80269,0.9365943,-1,-1,-1
147,-1,920.10065,127.51625,12.667786,27.1622,0.80933034,-1,-1,-1
148,-1,1090.0983,129.42168,132.80457,218.4777,0.9985978,-1,-1,-1
148,-1,840.02356,147.95767,25.076782,71.05113,0.9906515,-1,-1,-1
148,-1,824.4443,155.62505,14.580505,44.239243,0.95156276,-1,-1,-1
148,-1,922.7702,125.882576,12.778992,28.060555,0.8834164,-1,-1,-1
148,-1,809.2181,155.67903,13.980896,42.112045,0.74473065,-1,-1,-1
148,-1,1181.0024,134.459,42.799194,200.9533,0.6134467,-1,-1,-1
149,-1,1148.0692,125.07484,75.930786,240.87708,0.9962004,-1,-1,-1
149,-1,844.11896,145.93248,23.44043,72.45439,0.98926824,-1,-1,-1
149,-1,826.6935,157.2119,13.437134,43.085724,0.9515167,-1,-1,-1
149,-1,924.13794,124.04455,14.631165,29.36573,0.8851295,-1,-1,-1
149,-1,809.9146,167.94312,10.86908,28.802185,0.64179665,-1,-1,-1
150,-1,847.5101,143.73799,26.382385,76.203354,0.98965937,-1,-1,-1
150,-1,826.72107,157.46628,14.946899,44.341736,0.98782945,-1,-1,-1
150,-1,811.30457,157.69685,12.368225,41.31894,0.7297512,-1,-1,-1
151,-1,850.5998,144.65227,25.973267,77.17522,0.99263483,-1,-1,-1
151,-1,827.45087,158.40475,15.444641,43.73947,0.9637401,-1,-1,-1
151,-1,812.4944,157.93275,13.31427,40.555542,0.7175488,-1,-1,-1
152,-1,854.3118,147.05078,26.630493,75.78862,0.9974452,-1,-1,-1
152,-1,831.48926,157.47557,14.817017,45.961075,0.95705575,-1,-1,-1
152,-1,813.3882,158.1479,12.201843,35.570282,0.63370377,-1,-1,-1
153,-1,857.8727,147.11302,26.312805,76.67062,0.99212366,-1,-1,-1
153,-1,831.5999,157.48692,16.032837,45.201996,0.9480065,-1,-1,-1
153,-1,814.6424,156.0896,15.667786,43.336365,0.82491064,-1,-1,-1
154,-1,862.8066,146.75508,27.696411,78.352005,0.9906414,-1,-1,-1
154,-1,814.6735,155.70804,15.848999,45.370102,0.96458846,-1,-1,-1
154,-1,831.178,156.88438,18.210938,45.725433,0.9597417,-1,-1,-1
155,-1,864.29004,145.66158,29.591858,83.29405,0.993238,-1,-1,-1
155,-1,815.60236,157.03378,14.4001465,45.955353,0.95144534,-1,-1,-1
155,-1,831.7191,157.62517,19.240784,46.28232,0.90059465,-1,-1,-1
156,-1,872.3233,144.93916,25.853882,85.9021,0.99471176,-1,-1,-1
156,-1,815.9393,157.85605,15.376343,44.629425,0.9618626,-1,-1,-1
156,-1,834.19104,158.42645,18.19336,43.89749,0.8345522,-1,-1,-1
156,-1,895.92456,152.30629,22.91034,48.37796,0.58034724,-1,-1,-1
157,-1,877.4719,145.71378,26.812622,88.28409,0.99294245,-1,-1,-1
157,-1,817.8091,156.54292,16.25586,48.17018,0.95983714,-1,-1,-1
157,-1,835.50085,158.51204,18.145447,46.055603,0.95054454,-1,-1,-1
157,-1,898.6272,151.66812,22.689209,65.46466,0.5273137,-1,-1,-1
158,-1,881.52765,146.6642,32.14386,90.13818,0.986061,-1,-1,-1
158,-1,819.7621,156.1876,17.338074,48.235153,0.98271483,-1,-1,-1
158,-1,836.62067,157.68266,17.83374,48.64566,0.97154576,-1,-1,-1
159,-1,887.258,145.66713,33.260803,90.09456,0.99403363,-1,-1,-1
159,-1,819.7768,155.29456,18.728088,52.478653,0.9841957,-1,-1,-1
159,-1,838.8045,156.71902,16.636292,48.505157,0.9807443,-1,-1,-1
160,-1,891.2283,145.56956,30.0542,92.97398,0.98668927,-1,-1,-1
160,-1,840.4249,155.92958,17.355652,50.175186,0.9635492,-1,-1,-1
160,-1,821.10254,156.24347,17.627808,49.19438,0.69540215,-1,-1,-1
161,-1,902.1814,141.88042,28.013184,96.35115,0.9847846,-1,-1,-1
161,-1,842.2878,157.45593,15.583435,49.03662,0.9376147,-1,-1,-1
161,-1,822.8861,155.54993,17.573792,47.148346,0.8199312,-1,-1,-1
161,-1,967.0225,119.506584,13.8689575,36.268456,0.5275758,-1,-1,-1
162,-1,909.1253,143.93906,28.360962,97.041885,0.99603206,-1,-1,-1
162,-1,843.8863,157.98651,17.072205,51.11325,0.9767527,-1,-1,-1
162,-1,824.76025,157.77846,17.198303,49.990005,0.87023145,-1,-1,-1
163,-1,915.5957,146.39091,29.781372,95.54849,0.9964169,-1,-1,-1
163,-1,825.6114,158.12097,18.120728,48.67076,0.9663331,-1,-1,-1
163,-1,846.30634,160.15944,16.130066,47.789154,0.91887695,-1,-1,-1
163,-1,580.0523,173.71448,17.975098,16.241104,0.5154586,-1,-1,-1
164,-1,920.9323,147.4848,29.913696,97.15387,0.9928174,-1,-1,-1
164,-1,826.3848,157.25226,16.479004,47.546753,0.9779287,-1,-1,-1
164,-1,845.95374,161.63728,15.327209,47.593018,0.9573414,-1,-1,-1
165,-1,923.52734,145.60309,36.94037,99.745926,0.992447,-1,-1,-1
165,-1,828.6223,156.04533,15.040955,45.130875,0.9433889,-1,-1,-1
165,-1,846.6003,158.5888,18.100525,49.836945,0.92489,-1,-1,-1
166,-1,931.40137,136.6423,40.97284,111.50043,0.99102825,-1,-1,-1
166,-1,850.2411,159.34473,16.9953,47.424347,0.72865045,-1,-1,-1
166,-1,841.03656,165.09679,14.119324,42.114166,0.66537076,-1,-1,-1
167,-1,936.9941,139.6889,46.07202,109.95683,0.9954123,-1,-1,-1
167,-1,848.72565,157.33257,17.318665,52.35617,0.90660787,-1,-1,-1
168,-1,944.0865,138.70004,39.57892,113.27042,0.99464476,-1,-1,-1
168,-1,985.04065,149.17719,18.533386,60.68799,0.7614252,-1,-1,-1
169,-1,950.5531,141.76286,39.668396,112.65355,0.99539846,-1,-1,-1
169,-1,832.2176,158.0623,19.463745,53.04933,0.9778881,-1,-1,-1
169,-1,987.76807,151.20998,20.72052,55.19197,0.9498178,-1,-1,-1
170,-1,961.2355,142.60355,41.141907,113.940216,0.99403656,-1,-1,-1
170,-1,835.2079,156.08302,19.452759,56.04872,0.98769814,-1,-1,-1
170,-1,853.5169,159.88042,12.321716,50.655563,0.5847539,-1,-1,-1
171,-1,969.3569,142.54488,40.76953,115.646805,0.99055886,-1,-1,-1
171,-1,835.5974,158.37076,19.781738,54.39334,0.9682681,-1,-1,-1
171,-1,855.47577,157.14989,16.819458,55.837234,0.95664626,-1,-1,-1
172,-1,975.4369,141.46306,38.756897,110.929565,0.9956905,-1,-1,-1
172,-1,837.8119,159.94194,19.225586,55.35649,0.9861443,-1,-1,-1
172,-1,856.1787,156.63217,20.531555,57.16072,0.98070395,-1,-1,-1
173,-1,982.0399,139.90485,43.424683,122.32733,0.9941175,-1,-1,-1
173,-1,838.4291,160.06819,20.098938,55.584656,0.98750275,-1,-1,-1
173,-1,858.2419,158.44601,18.445312,57.559006,0.9754837,-1,-1,-1
173,-1,855.2088,159.44528,12.885132,55.98207,0.7901689,-1,-1,-1
173,-1,863.76324,163.17606,19.976074,51.65187,0.5062195,-1,-1,-1
174,-1,859.5728,159.65836,20.052307,56.851974,0.9839033,-1,-1,-1
174,-1,838.0587,160.5158,20.824402,53.93138,0.9773417,-1,-1,-1
174,-1,991.19543,147.35403,35.25232,116.04706,0.96930915,-1,-1,-1
174,-1,985.1457,148.3704,24.424072,110.20268,0.943773,-1,-1,-1
175,-1,838.9702,159.28377,19.882202,54.81047,0.986134,-1,-1,-1
175,-1,995.7302,147.25484,46.262085,120.65135,0.985994,-1,-1,-1
175,-1,860.5064,160.0676,18.330566,57.35112,0.97039336,-1,-1,-1
175,-1,983.08966,154.8988,21.12732,67.10034,0.6178086,-1,-1,-1
176,-1,1003.7951,144.02713,46.494568,123.79047,0.9953034,-1,-1,-1
176,-1,840.3651,159.25117,19.976746,54.102142,0.9748755,-1,-1,-1
176,-1,858.31226,159.92175,18.71936,56.845566,0.9691159,-1,-1,-1
176,-1,849.83075,161.32281,18.700989,54.314377,0.7562744,-1,-1,-1
176,-1,977.9285,154.68117,34.16034,67.45227,0.56992346,-1,-1,-1
177,-1,1007.8223,141.91608,44.780457,126.05084,0.9946525,-1,-1,-1
177,-1,839.313,158.23093,19.057068,56.447174,0.98389935,-1,-1,-1
177,-1,860.2114,159.90126,18.528992,55.853165,0.97833896,-1,-1,-1
178,-1,838.9351,159.11803,20.027283,56.00647,0.9877082,-1,-1,-1
178,-1,860.423,160.32689,19.00824,55.154373,0.9874183,-1,-1,-1
178,-1,1025.0602,134.8916,34.472656,135.73605,0.95899016,-1,-1,-1
178,-1,979.3795,156.03223,18.192871,68.75131,0.8877154,-1,-1,-1
178,-1,838.47125,175.89223,8.570435,25.781326,0.55640304,-1,-1,-1
179,-1,973.5367,154.12233,33.119263,74.23387,0.9899226,-1,-1,-1
179,-1,860.3407,158.85448,21.86267,57.451935,0.98929226,-1,-1,-1
179,-1,840.48145,158.90785,22.165588,56.970398,0.98207736,-1,-1,-1
179,-1,1039.7063,168.80339,17.645508,96.65779,0.7007945,-1,-1,-1
