0,-1,251.36192,187.6925,132.24635,70.92166,0.9953999,-1,-1,-1
0,-1,382.05774,174.0832,74.896454,52.97223,0.98186904,-1,-1,-1
0,-1,452.06958,177.51582,33.63614,32.223846,0.9671629,-1,-1,-1
0,-1,525.53906,166.18353,32.938232,34.034607,0.81434053,-1,-1,-1
1,-1,243.1622,189.26259,139.1431,73.82576,0.99412847,-1,-1,-1
1,-1,384.83694,175.22171,70.95889,55.057312,0.9855774,-1,-1,-1
1,-1,451.94714,178.79903,32.574097,32.706253,0.9355766,-1,-1,-1
1,-1,525.29987,167.93808,35.043823,33.42888,0.8400733,-1,-1,-1
2,-1,237.12952,190.1929,139.19696,74.85275,0.99503726,-1,-1,-1
2,-1,382.28952,176.35403,72.308624,55.350082,0.98743325,-1,-1,-1
2,-1,450.52618,180.5369,33.457092,33.457825,0.95430833,-1,-1,-1
2,-1,523.7576,167.6267,37.449646,36.34488,0.82353556,-1,-1,-1
3,-1,377.31964,177.27737,75.71408,55.88846,0.99028075,-1,-1,-1
3,-1,222.46118,191.22412,151.8063,76.47098,0.9873997,-1,-1,-1
3,-1,449.4944,182.88293,34.95804,32.165237,0.94761765,-1,-1,-1
3,-1,521.34796,167.94202,39.500122,38.27893,0.69760644,-1,-1,-1
4,-1,213.40398,192.35246,155.67253,78.12273,0.9912066,-1,-1,-1
4,-1,375.94553,176.98126,77.04941,57.251373,0.9878956,-1,-1,-1
4,-1,445.30136,180.22816,37.096252,36.39453,0.92492944,-1,-1,-1
4,-1,519.1831,169.378,41.960022,37.744827,0.7933865,-1,-1,-1
4,-1,637.35455,176.50865,18.726624,13.614578,0.6115373,-1,-1,-1
5,-1,201.92818,192.10051,163.97887,80.96782,0.98940724,-1,-1,-1
5,-1,370.74115,176.1531,80.56906,58.671234,0.9880652,-1,-1,-1
5,-1,443.20645,181.05502,34.501312,35.524567,0.8831744,-1,-1,-1
5,-1,517.3759,168.00636,42.44873,39.321228,0.6868998,-1,-1,-1
5,-1,483.80936,178.31111,27.5849,28.761276,0.6634206,-1,-1,-1
5,-1,497.96396,180.21303,13.567749,25.332932,0.5899748,-1,-1,-1
6,-1,190.22325,192.24306,166.59584,84.70924,0.99324954,-1,-1,-1
6,-1,370.93338,177.40651,76.23001,58.333664,0.9886282,-1,-1,-1
6,-1,443.41232,182.63892,35.9357,33.730972,0.9563193,-1,-1,-1
6,-1,492.56247,179.39244,17.138214,26.1073,0.785243,-1,-1,-1
6,-1,513.5866,167.54878,47.589294,41.002274,0.7377953,-1,-1,-1
6,-1,477.2052,179.13779,32.220093,28.760635,0.6744339,-1,-1,-1
7,-1,179.11801,194.08517,173.35126,86.27768,0.9936278,-1,-1,-1
7,-1,364.03622,177.0386,82.58914,60.663635,0.9857372,-1,-1,-1
7,-1,443.7628,181.41869,30.42978,36.580093,0.8919978,-1,-1,-1
7,-1,491.01706,179.63419,17.329102,28.726135,0.8373319,-1,-1,-1
7,-1,512.81903,167.12297,47.85791,42.26071,0.74385566,-1,-1,-1
7,-1,638.68805,175.41914,20.933655,14.937347,0.50355154,-1,-1,-1
8,-1,165.00569,193.44112,181.71928,90.27525,0.9938094,-1,-1,-1
8,-1,356.73135,176.23885,86.04877,62.39189,0.99045545,-1,-1,-1
8,-1,441.42935,180.65489,30.268494,37.427673,0.90458184,-1,-1,-1
8,-1,486.68167,179.80742,22.289276,27.603683,0.84739345,-1,-1,-1
8,-1,510.2853,166.50722,50.017914,43.83676,0.581834,-1,-1,-1
9,-1,149.31786,193.70404,189.41234,93.23587,0.995846,-1,-1,-1
9,-1,352.8978,177.50275,85.61905,59.610428,0.99135816,-1,-1,-1
9,-1,481.54623,176.69856,27.116028,30.10498,0.9179011,-1,-1,-1
9,-1,508.3739,165.73161,50.175903,44.676865,0.668207,-1,-1,-1
9,-1,439.13004,180.98454,29.362518,36.99202,0.6216836,-1,-1,-1
9,-1,639.59406,171.06183,21.74414,18.267319,0.6018667,-1,-1,-1
10,-1,129.81529,194.0202,202.57472,97.57428,0.9960056,-1,-1,-1
10,-1,345.91714,177.39444,89.25574,59.04161,0.98713756,-1,-1,-1
10,-1,479.07077,176.86821,29.017487,29.083801,0.9056833,-1,-1,-1
10,-1,506.4934,164.22525,53.058105,47.030487,0.7193104,-1,-1,-1
10,-1,1010.9476,160.2409,49.016052,38.06534,0.61779606,-1,-1,-1
11,-1,108.26178,192.61958,214.63333,102.66231,0.9959518,-1,-1,-1
11,-1,340.5658,175.89621,94.33392,61.496918,0.98826736,-1,-1,-1
11,-1,476.9715,177.03836,29.916779,28.391495,0.9021258,-1,-1,-1
11,-1,504.69382,163.12851,55.17636,48.29654,0.71696603,-1,-1,-1
11,-1,436.15228,173.752,23.865082,41.463898,0.63292307,-1,-1,-1
11,-1,321.24326,177.80063,33.87216,36.10994,0.5682864,-1,-1,-1
11,-1,1016.1775,161.931,55.592773,36.707672,0.5358679,-1,-1,-1
12,-1,86.45757,193.91125,227.2117,107.4249,0.9931068,-1,-1,-1
12,-1,336.96838,175.7863,92.87802,64.16519,0.9893272,-1,-1,-1
12,-1,476.63528,176.30595,27.225555,29.275421,0.8857896,-1,-1,-1
12,-1,502.46152,163.61942,57.167206,49.262222,0.869741,-1,-1,-1
13,-1,61.924355,198.12059,238.28647,105.260666,0.9959571,-1,-1,-1
13,-1,327.46033,175.8892,101.500275,65.68552,0.989305,-1,-1,-1
13,-1,500.1001,163.55623,58.72632,50.65335,0.8244546,-1,-1,-1
13,-1,476.23648,176.21672,26.856873,29.867874,0.8025179,-1,-1,-1
14,-1,35.983067,198.15166,259.0117,110.36708,0.9950649,-1,-1,-1
14,-1,329.87158,173.6988,95.78598,68.875946,0.9861829,-1,-1,-1
14,-1,477.37262,175.63142,24.202728,29.57074,0.8644197,-1,-1,-1
14,-1,498.1901,161.54094,58.90152,52.91925,0.79171664,-1,-1,-1
15,-1,5.392329,198.32968,280.08374,118.96118,0.9956791,-1,-1,-1
15,-1,321.20895,174.58098,106.19266,71.10774,0.9812305,-1,-1,-1
15,-1,473.62213,176.28206,24.62082,29.62059,0.8543495,-1,-1,-1
15,-1,494.55322,162.84456,62.2052,53.26645,0.7851136,-1,-1,-1
15,-1,309.75717,179.71106,34.41269,50.51396,0.6858249,-1,-1,-1
15,-1,443.5139,181.3544,28.584839,35.42775,0.55115485,-1,-1,-1
16,-1,0.0,201.67996,273.06015,126.25375,0.9929096,-1,-1,-1
16,-1,316.97668,177.67967,95.88925,71.462845,0.9772978,-1,-1,-1
16,-1,434.54837,182.74998,36.628998,38.28607,0.94445515,-1,-1,-1
16,-1,490.9011,165.25664,64.52701,54.262283,0.8165486,-1,-1,-1
16,-1,474.9099,178.37364,20.70871,30.210846,0.79023397,-1,-1,-1
16,-1,645.6622,173.92667,27.667725,15.301865,0.6579975,-1,-1,-1
17,-1,0.0,205.35709,263.85516,135.02649,0.98949134,-1,-1,-1
17,-1,308.38773,181.51923,104.061554,72.63168,0.9820133,-1,-1,-1
17,-1,426.5492,187.73135,43.106476,39.379578,0.9816814,-1,-1,-1
17,-1,488.4793,165.52635,64.84784,58.538574,0.66372496,-1,-1,-1
17,-1,473.9337,180.5404,17.680176,30.705872,0.6575902,-1,-1,-1
17,-1,648.11554,177.33852,26.774658,12.675293,0.652649,-1,-1,-1
18,-1,0.8705079,208.15288,245.62607,144.16817,0.9897446,-1,-1,-1
18,-1,422.19977,188.19008,44.06006,40.731735,0.98609716,-1,-1,-1
18,-1,299.55975,182.13765,100.826935,76.453415,0.98163766,-1,-1,-1
18,-1,649.8148,175.10385,26.387146,17.141449,0.6923659,-1,-1,-1
18,-1,483.2748,166.41237,70.38309,60.04651,0.54296494,-1,-1,-1
19,-1,1.068064,214.76123,225.48715,148.28043,0.9910104,-1,-1,-1
19,-1,414.06122,189.09677,50.572845,41.17604,0.9821761,-1,-1,-1
19,-1,290.0421,183.31113,117.76352,77.40741,0.9783936,-1,-1,-1
19,-1,651.01556,176.92297,25.45691,16.309769,0.6546161,-1,-1,-1
19,-1,481.5496,165.5358,70.15469,64.91579,0.572725,-1,-1,-1
20,-1,0.16834302,217.90392,210.61842,146.41011,0.99278694,-1,-1,-1
20,-1,400.09073,190.29837,63.661896,42.810486,0.9836918,-1,-1,-1
20,-1,283.79364,182.52019,114.10135,82.40733,0.95324594,-1,-1,-1
20,-1,651.27625,176.24365,26.09845,17.769424,0.87177616,-1,-1,-1
20,-1,474.10214,168.6799,76.27292,64.78348,0.7261073,-1,-1,-1
21,-1,1.8783593,220.98,189.77834,140.76704,0.99501246,-1,-1,-1
21,-1,403.78534,190.52948,55.343567,42.777542,0.98327935,-1,-1,-1
21,-1,270.02786,184.02766,131.00797,76.82716,0.9637819,-1,-1,-1
21,-1,651.44324,177.84236,27.615173,17.276703,0.86883473,-1,-1,-1
21,-1,472.12015,165.76367,75.54343,69.0789,0.7082161,-1,-1,-1
21,-1,1197.9385,160.15468,26.061523,59.7986,0.5248855,-1,-1,-1
22,-1,0.35783577,222.92307,167.89493,138.22726,0.99463946,-1,-1,-1
22,-1,252.32149,184.49278,140.49306,81.54878,0.97996545,-1,-1,-1
22,-1,399.63037,190.9482,60.352966,42.233475,0.97581154,-1,-1,-1
22,-1,651.5835,176.8576,27.817017,17.363663,0.7681835,-1,-1,-1
22,-1,464.86926,166.89749,81.58008,68.74919,0.5681895,-1,-1,-1
23,-1,1.5993989,230.41501,141.58325,130.35294,0.9899637,-1,-1,-1
23,-1,387.25824,190.95323,69.56955,43.673035,0.9887383,-1,-1,-1
23,-1,295.1978,184.77751,92.78125,89.30763,0.9780709,-1,-1,-1
23,-1,650.99304,175.38881,29.275879,17.13092,0.9203632,-1,-1,-1
23,-1,457.11154,166.96413,84.53281,71.44798,0.8139116,-1,-1,-1
23,-1,1139.2357,156.8525,49.63037,47.596542,0.61295855,-1,-1,-1
24,-1,0.31027168,253.5928,115.91145,113.74518,0.9841839,-1,-1,-1
24,-1,251.96295,183.7269,127.852325,93.618195,0.9831392,-1,-1,-1
24,-1,385.92087,190.18576,62.643158,46.175903,0.9829874,-1,-1,-1
24,-1,650.7405,174.3855,28.584106,17.987549,0.9272948,-1,-1,-1
24,-1,450.1956,165.7147,87.10947,75.91293,0.8923845,-1,-1,-1
25,-1,214.66924,183.68787,157.5819,96.598724,0.99132055,-1,-1,-1
25,-1,373.4905,190.46423,66.84479,48.48085,0.9874521,-1,-1,-1
25,-1,1.1680225,277.35052,84.58157,92.14627,0.9424192,-1,-1,-1
25,-1,651.0431,175.48535,31.121277,15.214752,0.86789656,-1,-1,-1
25,-1,441.44983,164.9063,92.28027,79.20856,0.84389174,-1,-1,-1
26,-1,186.858,183.69173,179.11511,104.14632,0.99320555,-1,-1,-1
26,-1,368.4538,190.15475,67.734955,48.53705,0.9883068,-1,-1,-1
26,-1,432.787,162.83043,97.61658,84.9837,0.8996779,-1,-1,-1
26,-1,649.9907,174.79803,30.355225,16.27243,0.79509723,-1,-1,-1
27,-1,168.50441,185.04855,186.29292,106.77307,0.9925789,-1,-1,-1
27,-1,359.5139,189.31992,65.301636,52.018295,0.98932344,-1,-1,-1
27,-1,649.436,171.24747,31.966187,18.87381,0.92951274,-1,-1,-1
27,-1,419.59018,160.93042,105.29599,90.80904,0.77374005,-1,-1,-1
28,-1,150.5966,185.7279,199.16109,111.88461,0.99464357,-1,-1,-1
28,-1,346.7682,189.25056,67.3746,52.552948,0.9859605,-1,-1,-1
28,-1,649.6389,172.20486,30.207214,17.421585,0.9054478,-1,-1,-1
28,-1,409.86996,160.5067,109.73331,96.17412,0.6514446,-1,-1,-1
29,-1,124.06857,187.02875,213.6366,116.660675,0.9913401,-1,-1,-1
29,-1,343.3927,189.86942,60.277863,55.80333,0.9836511,-1,-1,-1
29,-1,650.646,171.65486,27.821167,18.025055,0.9121666,-1,-1,-1
29,-1,394.4071,158.91696,120.787964,103.2027,0.74915355,-1,-1,-1
30,-1,100.49262,187.72012,225.86871,118.03937,0.9947432,-1,-1,-1
30,-1,334.27036,191.04417,55.13965,55.75081,0.98766065,-1,-1,-1
30,-1,651.26013,171.09181,27.470337,19.205673,0.8621769,-1,-1,-1
30,-1,379.00934,160.46959,129.07315,107.780716,0.85734665,-1,-1,-1
31,-1,73.40361,187.57928,240.57094,129.1933,0.9956613,-1,-1,-1
31,-1,325.24454,192.32483,48.922455,56.92842,0.9569219,-1,-1,-1
31,-1,651.13403,171.13356,27.708862,18.08995,0.94330597,-1,-1,-1
31,-1,358.62756,155.39955,144.85233,122.550156,0.83177906,-1,-1,-1
32,-1,42.62409,188.19464,260.463,134.45496,0.9953003,-1,-1,-1
32,-1,651.5377,171.50127,28.678162,18.534882,0.9634273,-1,-1,-1
32,-1,335.98935,156.40436,162.15048,129.75485,0.9194874,-1,-1,-1
32,-1,317.90485,192.3323,39.693817,54.436844,0.5102121,-1,-1,-1
33,-1,10.670006,188.75528,278.1493,143.68106,0.9943638,-1,-1,-1
33,-1,651.36786,171.24355,29.176086,18.603241,0.9602228,-1,-1,-1
33,-1,312.4103,152.85594,180.15585,141.24956,0.8865436,-1,-1,-1
34,-1,0.0,187.99913,273.8846,149.92155,0.9941848,-1,-1,-1
34,-1,652.0943,170.73164,29.005981,19.466125,0.94351363,-1,-1,-1
34,-1,284.90906,153.58714,197.22458,153.69087,0.9411071,-1,-1,-1
34,-1,684.57074,177.83455,21.434143,12.521713,0.6743478,-1,-1,-1
35,-1,0.0,187.11784,256.65588,158.57237,0.9932249,-1,-1,-1
35,-1,652.8329,170.42426,27.84143,19.188553,0.93894976,-1,-1,-1
35,-1,245.43805,150.56798,226.21823,165.35753,0.9020634,-1,-1,-1
35,-1,683.74023,177.21724,25.4516,12.042099,0.6119675,-1,-1,-1
35,-1,459.62836,185.17085,22.995728,35.639572,0.6020742,-1,-1,-1
36,-1,1.1830598,188.59824,230.91205,164.08145,0.9963446,-1,-1,-1
36,-1,447.99286,181.8448,31.92987,38.27414,0.97975665,-1,-1,-1
36,-1,654.04956,169.31993,26.693176,21.6754,0.95861745,-1,-1,-1
36,-1,208.22975,146.91562,256.195,188.13428,0.9569704,-1,-1,-1
36,-1,227.8501,180.27026,22.662872,33.797073,0.73386556,-1,-1,-1
36,-1,685.44165,175.57672,24.446838,13.219299,0.5458929,-1,-1,-1
37,-1,1.1779598,185.73355,191.90782,174.8847,0.9935237,-1,-1,-1
37,-1,432.38675,182.33678,46.008514,44.34395,0.99212015,-1,-1,-1
37,-1,142.82724,145.25696,304.041,204.08875,0.93887407,-1,-1,-1
37,-1,655.8283,170.86769,25.084229,20.14418,0.9038699,-1,-1,-1
38,-1,420.28082,181.13051,57.319458,44.760513,0.99133027,-1,-1,-1
38,-1,0.099905945,183.59561,152.65591,180.19565,0.98798186,-1,-1,-1
38,-1,656.821,171.2236,25.193604,18.452866,0.9393753,-1,-1,-1
38,-1,65.3292,143.0733,365.3791,220.92621,0.92474663,-1,-1,-1
39,-1,404.61426,182.13,67.469696,45.278183,0.99334735,-1,-1,-1
39,-1,658.1032,170.1185,24.341736,20.190384,0.955772,-1,-1,-1
39,-1,3.6949158,137.95888,412.01917,226.54836,0.90677863,-1,-1,-1
40,-1,383.7227,182.32906,86.48294,47.42546,0.99346256,-1,-1,-1
40,-1,659.89484,169.56102,22.8266,20.76413,0.9522107,-1,-1,-1
40,-1,2.027332,132.77805,391.21832,233.19473,0.889322,-1,-1,-1
41,-1,380.52963,183.06154,86.79126,47.685867,0.9934604,-1,-1,-1
41,-1,662.29065,171.05783,20.660828,18.642914,0.95874757,-1,-1,-1
41,-1,3.231009,131.27707,354.64206,234.2301,0.9328885,-1,-1,-1
42,-1,386.5078,183.1753,78.295715,48.011032,0.9911753,-1,-1,-1
42,-1,298.667,194.5177,63.916412,67.17236,0.98513573,-1,-1,-1
42,-1,665.09454,170.74788,17.538818,18.42546,0.9423633,-1,-1,-1
42,-1,2.252532,119.04326,329.1479,246.70988,0.8827089,-1,-1,-1
43,-1,243.24927,194.86488,113.05292,81.07536,0.99562526,-1,-1,-1
43,-1,378.11334,183.69104,85.73172,48.291733,0.99202114,-1,-1,-1
43,-1,1.0194596,114.022835,270.61313,252.50903,0.8658789,-1,-1,-1
43,-1,564.2744,173.87048,18.71936,18.36679,0.6517192,-1,-1,-1
43,-1,666.206,170.53876,18.381409,19.37323,0.63217485,-1,-1,-1
44,-1,170.48187,195.9639,180.97821,84.38687,0.99782073,-1,-1,-1
44,-1,375.2982,183.22002,86.40079,51.398254,0.9924914,-1,-1,-1
44,-1,2.1130097,104.583534,184.65608,261.11285,0.9047234,-1,-1,-1
44,-1,564.23914,173.77408,19.72174,19.286224,0.69641703,-1,-1,-1
45,-1,152.08148,197.25815,190.23376,88.73489,0.9982936,-1,-1,-1
45,-1,374.9154,183.61636,84.4552,53.583755,0.9932406,-1,-1,-1
45,-1,565.4053,173.48853,19.292297,19.8759,0.70589674,-1,-1,-1
45,-1,672.7543,173.11058,12.61084,16.61702,0.51089996,-1,-1,-1
46,-1,126.42341,198.73454,208.11179,93.454056,0.9986285,-1,-1,-1
46,-1,369.16888,183.73051,85.41739,54.650192,0.9923717,-1,-1,-1
46,-1,564.9993,173.97394,20.982605,20.512741,0.69839984,-1,-1,-1
46,-1,674.1044,172.22588,12.89679,18.324875,0.635171,-1,-1,-1
47,-1,104.679214,199.07256,215.94228,97.55412,0.9986093,-1,-1,-1
47,-1,359.3356,183.88269,93.90915,55.849075,0.9859723,-1,-1,-1
48,-1,80.69939,201.25496,233.35356,99.866135,0.9987361,-1,-1,-1
48,-1,359.0134,185.12167,92.68912,56.321945,0.98858726,-1,-1,-1
48,-1,564.71045,173.63182,24.528687,20.79898,0.55630225,-1,-1,-1
49,-1,59.805935,202.27342,245.9184,101.801895,0.99810284,-1,-1,-1
49,-1,351.1899,184.484,98.61362,58.41684,0.9830972,-1,-1,-1
50,-1,32.696587,203.21922,264.81174,111.6147,0.99766254,-1,-1,-1
50,-1,349.14233,187.05565,96.620026,58.232574,0.99506515,-1,-1,-1
51,-1,3.2279828,204.56378,281.6728,119.85602,0.9971468,-1,-1,-1
51,-1,339.28784,188.31216,105.955475,59.996246,0.9951827,-1,-1,-1
52,-1,1.7204475,206.98528,275.3653,124.55534,0.99727976,-1,-1,-1
52,-1,333.77982,188.03076,109.14142,66.55504,0.9955499,-1,-1,-1
53,-1,1.7494644,209.17493,265.63885,131.07172,0.99560505,-1,-1,-1
53,-1,324.7106,188.50917,115.87384,66.242645,0.99409336,-1,-1,-1
54,-1,2.0175803,211.61887,248.69519,138.42673,0.99483114,-1,-1,-1
54,-1,317.8065,189.39587,119.25293,67.56879,0.9911773,-1,-1,-1
55,-1,0.8715377,214.50192,232.78566,147.13568,0.993932,-1,-1,-1
55,-1,308.92276,189.94308,123.89722,70.87811,0.9906386,-1,-1,-1
55,-1,724.3976,175.09447,19.38379,12.159912,0.60455066,-1,-1,-1
56,-1,1.5798604,218.2222,212.78564,148.59845,0.9942729,-1,-1,-1
56,-1,300.42764,192.60196,126.87186,71.85919,0.9899783,-1,-1,-1
57,-1,3.1013367,221.72223,192.2324,143.97452,0.9964527,-1,-1,-1
57,-1,287.09567,193.24883,135.91916,75.160934,0.9905015,-1,-1,-1
57,-1,725.90546,175.0596,19.7594,12.519821,0.68616724,-1,-1,-1
58,-1,0.0,224.79005,171.53099,139.50331,0.99675107,-1,-1,-1
58,-1,274.184,194.85329,145.28741,77.51027,0.97956043,-1,-1,-1
59,-1,0.37760538,226.17656,151.16074,136.7842,0.9958255,-1,-1,-1
59,-1,259.88684,194.89754,152.38257,80.17638,0.98996663,-1,-1,-1
60,-1,0.52220666,231.58835,120.27301,131.98166,0.9923678,-1,-1,-1
60,-1,247.65611,194.01741,159.33177,83.433945,0.9905094,-1,-1,-1
61,-1,231.89534,196.1045,170.81554,86.42125,0.98775846,-1,-1,-1
61,-1,0.78755885,249.64487,89.74359,116.66315,0.98576957,-1,-1,-1
62,-1,218.36378,197.01575,178.63506,90.78168,0.9881981,-1,-1,-1
62,-1,0.0,261.42984,52.672215,106.826294,0.8238272,-1,-1,-1
63,-1,198.74072,197.81924,191.21173,94.18152,0.9950806,-1,-1,-1
64,-1,179.09283,197.69974,203.00461,98.82358,0.99469984,-1,-1,-1
65,-1,156.47571,197.39362,218.78882,103.50864,0.9895865,-1,-1,-1
65,-1,771.98804,166.50046,16.838379,13.429153,0.7473354,-1,-1,-1
66,-1,133.82431,198.13899,223.77863,105.349014,0.99496317,-1,-1,-1
66,-1,772.82544,167.92621,16.82483,11.812866,0.75782657,-1,-1,-1
67,-1,106.57547,197.81007,240.18726,110.85252,0.99610126,-1,-1,-1
67,-1,773.79816,167.05084,15.847778,12.393768,0.7844749,-1,-1,-1
68,-1,72.12354,200.23615,264.15164,118.34308,0.9962968,-1,-1,-1
68,-1,774.7014,168.58461,15.658325,12.187622,0.66465944,-1,-1,-1
69,-1,30.241146,202.86797,295.0326,127.515366,0.9976094,-1,-1,-1
69,-1,775.3088,167.54958,14.246765,12.948105,0.7134416,-1,-1,-1
70,-1,0.0,203.5954,309.3877,135.54236,0.9975721,-1,-1,-1
70,-1,774.8013,166.3723,13.73407,12.423813,0.7990901,-1,-1,-1
71,-1,1.014836,204.30148,290.7307,146.87964,0.99720603,-1,-1,-1
71,-1,774.09485,167.17444,13.651367,12.845673,0.7514642,-1,-1,-1
71,-1,644.96277,175.24687,23.096863,23.621964,0.7229577,-1,-1,-1
71,-1,558.1707,172.98795,27.693604,20.913834,0.54486996,-1,-1,-1
71,-1,525.1604,176.79124,22.572632,19.670639,0.5434498,-1,-1,-1
71,-1,753.59576,171.00906,20.632446,13.024689,0.5176849,-1,-1,-1
72,-1,2.8974195,205.19089,263.32184,158.58096,0.9960376,-1,-1,-1
72,-1,642.75995,174.06274,26.13861,24.344177,0.8941708,-1,-1,-1
72,-1,774.2326,170.5411,11.332153,10.886505,0.5455912,-1,-1,-1
73,-1,1.8745133,208.31772,242.09091,160.21948,0.99579716,-1,-1,-1
73,-1,640.85516,174.64505,27.419067,24.091263,0.94758284,-1,-1,-1
74,-1,0.9766137,211.7525,217.1762,153.04965,0.99605894,-1,-1,-1
74,-1,636.518,174.45663,33.723755,23.99295,0.9701563,-1,-1,-1
75,-1,0.0,218.27469,185.51662,145.85657,0.995148,-1,-1,-1
75,-1,635.8794,173.20396,37.114075,28.407822,0.98962003,-1,-1,-1
75,-1,505.65082,178.9845,33.538452,25.09076,0.87171876,-1,-1,-1
75,-1,545.7751,174.96828,27.64508,21.546188,0.6790171,-1,-1,-1
76,-1,1.1752768,228.08235,148.05226,135.83913,0.9887552,-1,-1,-1
76,-1,634.3232,173.8158,38.257935,28.654755,0.9869538,-1,-1,-1
76,-1,503.34286,179.09962,26.990265,24.230225,0.6334159,-1,-1,-1
77,-1,631.59937,175.82283,42.18445,26.534927,0.9880483,-1,-1,-1
77,-1,0.72799426,272.37656,106.84566,95.34854,0.98126525,-1,-1,-1
77,-1,497.62726,179.18718,28.769104,23.783188,0.84019834,-1,-1,-1
77,-1,536.99365,176.49388,30.572144,21.69011,0.6624612,-1,-1,-1
78,-1,627.6188,175.99344,46.68512,25.767853,0.9910227,-1,-1,-1
78,-1,0.13605452,287.0322,57.982567,81.38672,0.9511124,-1,-1,-1
78,-1,493.05646,179.3856,28.112915,22.827454,0.8819902,-1,-1,-1
78,-1,533.7401,177.17328,27.367859,21.717346,0.59530485,-1,-1,-1
79,-1,621.0305,175.37447,50.56653,27.538712,0.9864814,-1,-1,-1
79,-1,486.61386,179.06204,30.186554,23.78508,0.7829319,-1,-1,-1
79,-1,528.66693,176.16214,30.175354,22.245865,0.74911076,-1,-1,-1
80,-1,616.6956,176.08797,54.7843,27.550262,0.9899894,-1,-1,-1
80,-1,480.28754,179.81252,32.276794,24.426529,0.8615963,-1,-1,-1
80,-1,524.27527,176.38304,29.840942,22.125824,0.7221474,-1,-1,-1
81,-1,614.00226,176.21846,56.458435,27.662338,0.9718412,-1,-1,-1
81,-1,477.68732,178.50037,29.555511,23.699036,0.8249933,-1,-1,-1
81,-1,518.2052,175.55754,31.762634,25.485397,0.8000473,-1,-1,-1
82,-1,608.5052,175.36006,63.630432,28.630325,0.9824233,-1,-1,-1
82,-1,514.7625,175.31691,27.818481,23.544281,0.8637181,-1,-1,-1
82,-1,472.9645,179.4072,27.104797,22.561722,0.6766337,-1,-1,-1
83,-1,603.0564,175.40828,68.564026,30.250168,0.9492775,-1,-1,-1
83,-1,507.42087,176.89206,30.948456,25.585983,0.8315634,-1,-1,-1
83,-1,466.06058,178.7851,30.814148,24.374802,0.7788642,-1,-1,-1
84,-1,600.21,177.17485,67.75903,31.294159,0.9481873,-1,-1,-1
84,-1,502.36517,176.80254,33.603027,25.107788,0.89836377,-1,-1,-1
84,-1,463.4589,182.19179,25.77893,20.038132,0.7552183,-1,-1,-1
85,-1,592.67975,177.53326,71.351135,31.688156,0.941113,-1,-1,-1
85,-1,497.37958,178.67915,33.71527,23.429535,0.8601471,-1,-1,-1
85,-1,454.11618,180.93988,30.288269,23.166763,0.59871185,-1,-1,-1
86,-1,589.6371,177.74123,70.276,32.366684,0.9755256,-1,-1,-1
86,-1,489.82275,178.0166,32.752075,26.847809,0.90036017,-1,-1,-1
86,-1,448.79837,182.88734,31.401733,20.726242,0.6922536,-1,-1,-1
87,-1,582.85767,177.14113,73.37836,32.867767,0.96888363,-1,-1,-1
87,-1,484.1227,178.01633,33.23764,26.26155,0.89238054,-1,-1,-1
87,-1,441.4688,182.2524,31.069366,21.902145,0.7748554,-1,-1,-1
88,-1,577.53253,176.46915,72.92285,33.90587,0.91925913,-1,-1,-1
88,-1,477.43723,177.60606,32.269287,26.941162,0.76935273,-1,-1,-1
88,-1,434.5677,182.45302,30.773804,22.01854,0.76533777,-1,-1,-1
89,-1,573.1734,175.99692,73.80249,34.33342,0.9294076,-1,-1,-1
89,-1,471.8644,176.40135,35.7984,28.885376,0.8783853,-1,-1,-1
89,-1,426.9898,180.17119,31.225128,25.064224,0.78878814,-1,-1,-1
90,-1,568.696,173.99661,73.87341,34.71042,0.94915,-1,-1,-1
90,-1,465.96118,173.71008,34.541992,30.94551,0.8228707,-1,-1,-1
90,-1,418.77057,178.94412,33.886505,25.392242,0.7692084,-1,-1,-1
91,-1,561.25525,175.74167,75.98596,35.437546,0.9662365,-1,-1,-1
91,-1,458.0296,176.4529,34.549164,28.287079,0.8873039,-1,-1,-1
91,-1,412.8964,180.19531,29.441498,22.591293,0.5601678,-1,-1,-1
92,-1,556.3554,178.97949,77.99585,33.64781,0.9642602,-1,-1,-1
92,-1,405.7676,182.76375,33.538147,23.668335,0.91818523,-1,-1,-1
92,-1,453.5298,178.87535,36.237427,26.823318,0.89325017,-1,-1,-1
93,-1,551.56976,180.11955,77.17749,35.397293,0.9802643,-1,-1,-1
93,-1,445.61993,180.38239,34.733185,28.092392,0.8476241,-1,-1,-1
93,-1,398.99823,185.16322,34.792297,24.819595,0.5256721,-1,-1,-1
94,-1,546.9975,181.07077,76.73773,38.01703,0.97052705,-1,-1,-1
94,-1,440.1613,183.11423,36.141113,28.14653,0.8082043,-1,-1,-1
94,-1,391.39685,187.66895,36.153534,24.284622,0.638804,-1,-1,-1
95,-1,539.8408,185.30017,80.60358,35.901077,0.9704775,-1,-1,-1
95,-1,432.1848,184.38808,36.33963,30.462814,0.9366985,-1,-1,-1
95,-1,383.19125,190.13434,36.672363,23.828629,0.6070233,-1,-1,-1
96,-1,425.52936,184.37372,36.213287,30.466919,0.9667994,-1,-1,-1
96,-1,534.2969,184.93745,79.55292,36.745834,0.9592586,-1,-1,-1
96,-1,374.89078,188.42935,41.91684,25.554794,0.9365528,-1,-1,-1
96,-1,730.0401,174.1418,14.1698,12.029938,0.506831,-1,-1,-1
97,-1,420.37665,183.36221,35.415375,30.582764,0.94894195,-1,-1,-1
97,-1,529.7393,182.76866,80.01099,38.854034,0.9341871,-1,-1,-1
97,-1,368.09232,187.34303,40.576355,25.70517,0.8820729,-1,-1,-1
98,-1,523.50146,182.76059,83.28467,38.36148,0.98244864,-1,-1,-1
98,-1,360.34552,187.8983,44.13852,27.328995,0.9582576,-1,-1,-1
98,-1,413.66534,182.8665,44.564453,32.552063,0.91614515,-1,-1,-1
99,-1,517.2515,182.03148,85.5943,39.711716,0.97648376,-1,-1,-1
99,-1,353.0906,188.55934,44.248016,25.304398,0.87174654,-1,-1,-1
99,-1,406.50867,183.16402,45.479584,32.208923,0.8587265,-1,-1,-1
100,-1,512.23816,179.87935,83.92114,41.063934,0.9561257,-1,-1,-1
100,-1,399.43942,181.16559,39.401276,34.848267,0.63525283,-1,-1,-1
100,-1,345.10107,186.25256,44.983093,28.019379,0.51619595,-1,-1,-1
101,-1,506.26843,179.96318,87.15796,40.149353,0.96701664,-1,-1,-1
101,-1,392.225,181.13406,37.690796,35.533966,0.7966548,-1,-1,-1
101,-1,754.73956,169.68332,27.814453,18.594421,0.5663153,-1,-1,-1
102,-1,501.79337,178.98631,87.23685,42.769867,0.9814435,-1,-1,-1
102,-1,384.84103,180.55016,29.09433,31.574112,0.52146924,-1,-1,-1
103,-1,495.62198,179.30019,88.3696,42.854507,0.9453621,-1,-1,-1
103,-1,749.46063,170.00172,19.285522,17.975159,0.59559673,-1,-1,-1
104,-1,490.05997,177.2603,88.84433,43.888733,0.97643244,-1,-1,-1
104,-1,304.10886,183.15251,55.264038,28.295303,0.6782092,-1,-1,-1
104,-1,747.02704,168.70003,20.0578,16.995468,0.64204127,-1,-1,-1
105,-1,483.0958,176.0267,93.086334,43.352585,0.9501064,-1,-1,-1
105,-1,301.14233,181.00838,49.980408,28.833511,0.6460347,-1,-1,-1
106,-1,478.24298,174.14665,92.18231,44.127274,0.96967256,-1,-1,-1
106,-1,291.5839,178.77072,53.49832,29.222275,0.8115654,-1,-1,-1
106,-1,742.40607,163.71382,20.951477,17.83847,0.66690063,-1,-1,-1
107,-1,471.7131,171.60677,94.21896,46.42836,0.9506255,-1,-1,-1
107,-1,284.15118,177.72154,54.529358,30.621628,0.69121015,-1,-1,-1
108,-1,463.54636,171.72827,98.63724,46.55208,0.95927024,-1,-1,-1
108,-1,704.4696,161.76692,13.164673,15.153244,0.5498836,-1,-1,-1
109,-1,456.6895,170.27316,102.41113,48.56299,0.95382524,-1,-1,-1
109,-1,600.50323,171.17609,31.317017,17.45636,0.67027116,-1,-1,-1
109,-1,744.38904,164.11494,19.117493,12.369965,0.6416247,-1,-1,-1
110,-1,451.6949,169.09506,103.885376,49.94748,0.92075264,-1,-1,-1
110,-1,598.56537,169.07382,31.220581,17.866043,0.66158617,-1,-1,-1
110,-1,733.72327,162.00935,26.552124,13.945755,0.6307784,-1,-1,-1
111,-1,445.25253,168.70097,107.3392,51.015137,0.89505416,-1,-1,-1
111,-1,324.6413,167.76982,41.34381,38.231094,0.6614455,-1,-1,-1
111,-1,732.2422,160.91853,36.56891,21.595917,0.64125437,-1,-1,-1
111,-1,595.9365,166.99265,35.792908,20.516235,0.5898645,-1,-1,-1
112,-1,439.85727,168.98833,109.1481,52.16568,0.9048438,-1,-1,-1
112,-1,594.2893,167.59828,39.993164,20.393158,0.78724116,-1,-1,-1
112,-1,312.19186,168.0303,47.01941,39.321167,0.78328407,-1,-1,-1
112,-1,730.0318,161.69254,27.36444,15.318069,0.6452255,-1,-1,-1
113,-1,300.35132,168.43127,52.159607,38.483124,0.96280575,-1,-1,-1
113,-1,433.08368,169.20218,109.26819,53.97818,0.9238946,-1,-1,-1
113,-1,590.89856,167.86618,44.88495,19.947495,0.9158587,-1,-1,-1
113,-1,206.2872,172.15533,78.2811,67.85263,0.78443444,-1,-1,-1
113,-1,730.0015,162.59377,22.743347,14.614105,0.61493975,-1,-1,-1
114,-1,292.4548,168.74901,53.49759,38.22943,0.97282076,-1,-1,-1
114,-1,425.6902,169.70956,116.66321,55.142715,0.90859246,-1,-1,-1
114,-1,590.0059,167.61531,38.98053,21.477707,0.6492295,-1,-1,-1
115,-1,283.16183,169.36429,58.537445,39.498947,0.98009527,-1,-1,-1
115,-1,419.48077,171.5291,116.563354,54.9243,0.8968051,-1,-1,-1
115,-1,729.8072,163.54207,29.86139,14.609177,0.7509719,-1,-1,-1
115,-1,585.1908,167.99818,37.215942,21.853043,0.72595674,-1,-1,-1
115,-1,603.05225,169.06859,34.81476,20.79152,0.7000554,-1,-1,-1
115,-1,213.28712,174.2001,64.7784,37.078247,0.6865378,-1,-1,-1
116,-1,275.90027,172.85889,58.459564,38.132492,0.98959655,-1,-1,-1
116,-1,415.21307,172.8679,119.14465,56.23947,0.8611132,-1,-1,-1
116,-1,195.35402,176.3376,75.18831,49.76248,0.7558901,-1,-1,-1
116,-1,725.9174,165.83769,35.132935,20.304932,0.7263941,-1,-1,-1
117,-1,267.1102,173.78181,56.59616,38.805206,0.98800814,-1,-1,-1
117,-1,186.66925,175.95645,73.15979,38.118134,0.9404596,-1,-1,-1
117,-1,405.47955,173.8257,125.75537,58.22229,0.9376228,-1,-1,-1
117,-1,719.6958,164.97496,41.112732,19.008453,0.8753398,-1,-1,-1
117,-1,615.0519,170.1609,19.61853,19.75682,0.8544235,-1,-1,-1
117,-1,167.36562,181.9814,21.859085,34.20288,0.5986876,-1,-1,-1
118,-1,258.23743,173.88715,58.479034,40.286285,0.9846592,-1,-1,-1
118,-1,398.3782,173.29106,130.13156,60.236465,0.9300876,-1,-1,-1
118,-1,724.1502,165.92583,39.944885,22.830612,0.8249032,-1,-1,-1
118,-1,610.54114,170.40678,23.584778,19.473404,0.8098816,-1,-1,-1
118,-1,203.45331,179.88243,48.6008,35.080566,0.7857487,-1,-1,-1
118,-1,161.08163,178.91008,90.690765,46.126358,0.5000364,-1,-1,-1
119,-1,248.9182,173.2064,64.01918,41.058823,0.98984295,-1,-1,-1
119,-1,181.05627,179.31207,62.272995,36.599686,0.97250223,-1,-1,-1
119,-1,389.82,173.01466,135.99884,61.47487,0.83576316,-1,-1,-1
119,-1,724.505,164.96585,35.411926,14.31279,0.7710372,-1,-1,-1
119,-1,599.53467,170.11119,33.112427,21.550278,0.7255613,-1,-1,-1
120,-1,238.80846,173.37267,64.92955,42.147278,0.9914622,-1,-1,-1
120,-1,157.61229,180.32225,77.87297,37.758896,0.9910198,-1,-1,-1
120,-1,383.6962,172.69778,136.93777,63.841873,0.9001736,-1,-1,-1
120,-1,724.505,165.63841,38.762817,14.080399,0.802964,-1,-1,-1
120,-1,607.0348,170.19586,25.083923,18.049149,0.7342526,-1,-1,-1
120,-1,574.188,170.24953,36.59546,21.680466,0.551303,-1,-1,-1
121,-1,227.41667,174.29181,70.76024,41.420288,0.98811126,-1,-1,-1
121,-1,137.70064,179.87865,88.29111,40.30867,0.9822681,-1,-1,-1
121,-1,719.31915,165.21219,44.245422,17.073364,0.8827433,-1,-1,-1
121,-1,374.6128,172.90329,140.5285,65.05353,0.8627452,-1,-1,-1
121,-1,604.3706,168.87048,26.734253,19.32727,0.84014183,-1,-1,-1
122,-1,218.52315,174.99031,67.87843,42.733185,0.98519737,-1,-1,-1
122,-1,124.69432,180.61124,90.23102,39.87439,0.9849871,-1,-1,-1
122,-1,365.65002,172.84099,147.5664,68.31023,0.8819758,-1,-1,-1
122,-1,100.5116,179.96089,29.364288,42.21019,0.8241349,-1,-1,-1
122,-1,715.1735,163.6541,39.341614,15.882126,0.76027507,-1,-1,-1
122,-1,604.28436,167.59152,26.016846,20.220032,0.68772936,-1,-1,-1
123,-1,110.08962,180.5204,94.671,41.24832,0.987547,-1,-1,-1
123,-1,207.47241,174.49254,71.95801,44.136353,0.9863923,-1,-1,-1
123,-1,85.68904,179.42871,31.277168,41.611572,0.93032503,-1,-1,-1
123,-1,354.6923,173.80118,155.45944,68.2224,0.9073093,-1,-1,-1
123,-1,717.552,165.60423,49.32782,20.151855,0.88955146,-1,-1,-1
123,-1,600.8728,168.37683,29.150757,20.626831,0.80321294,-1,-1,-1
123,-1,0.0,184.16594,35.717346,97.118515,0.72996104,-1,-1,-1
124,-1,96.06781,182.51454,99.48511,41.630783,0.9861172,-1,-1,-1
124,-1,194.2011,176.47337,76.44624,43.713104,0.98423463,-1,-1,-1
124,-1,707.9735,165.00766,59.52722,19.547241,0.93942606,-1,-1,-1
124,-1,342.88898,172.7484,162.3883,74.983246,0.9164266,-1,-1,-1
124,-1,69.89522,181.37755,32.9683,41.14061,0.9059415,-1,-1,-1
124,-1,599.4603,169.17912,29.588684,19.80629,0.7893199,-1,-1,-1
125,-1,181.56902,175.60326,80.70082,47.119247,0.98884785,-1,-1,-1
125,-1,80.69435,182.59573,102.35071,42.133194,0.9859243,-1,-1,-1
125,-1,53.5535,182.0853,34.676685,43.168427,0.95581454,-1,-1,-1
125,-1,335.43723,175.0271,164.24802,76.89075,0.9453597,-1,-1,-1
125,-1,597.723,169.81459,28.999756,19.74466,0.9254026,-1,-1,-1
125,-1,561.2621,173.54117,35.779785,20.922318,0.9116552,-1,-1,-1
125,-1,705.671,165.27652,55.576233,16.41446,0.8435222,-1,-1,-1
126,-1,168.79944,176.44746,84.90871,46.933456,0.9914419,-1,-1,-1
126,-1,67.65324,182.87926,103.71249,44.336945,0.98955077,-1,-1,-1
126,-1,36.215164,183.2473,38.582115,44.107086,0.9625636,-1,-1,-1
126,-1,326.37772,174.35771,166.59125,77.1723,0.9625493,-1,-1,-1
126,-1,705.6238,165.1099,59.0307,17.630356,0.8943402,-1,-1,-1
126,-1,594.73505,169.02994,32.323425,20.69719,0.8480201,-1,-1,-1
127,-1,53.0844,183.49286,105.6682,43.97682,0.988734,-1,-1,-1
127,-1,156.16182,176.82059,81.71678,47.1705,0.9862981,-1,-1,-1
127,-1,318.32376,173.28404,167.66483,80.02397,0.98121095,-1,-1,-1
127,-1,15.534653,182.41069,44.430996,46.353485,0.97744524,-1,-1,-1
127,-1,592.54407,170.00983,31.12262,19.429672,0.90808386,-1,-1,-1
127,-1,711.5222,165.66512,51.48242,15.906906,0.89199406,-1,-1,-1
127,-1,556.7815,172.8144,34.857544,21.972504,0.595259,-1,-1,-1
128,-1,37.671375,181.96696,105.80827,47.144943,0.9903584,-1,-1,-1
128,-1,143.78215,175.08588,91.15437,51.13089,0.9878071,-1,-1,-1
128,-1,0.0,182.40308,42.649487,49.343277,0.9850139,-1,-1,-1
128,-1,307.02994,174.1766,175.42899,82.81705,0.9697574,-1,-1,-1
128,-1,708.68176,165.54231,54.58435,16.918427,0.9110674,-1,-1,-1
128,-1,553.4048,172.33202,37.24408,22.859283,0.82134986,-1,-1,-1
128,-1,589.86,168.47066,32.698853,20.76921,0.6087838,-1,-1,-1
129,-1,17.37189,184.00198,113.871124,46.534286,0.99151236,-1,-1,-1
129,-1,124.58372,174.89452,100.33224,53.595596,0.9875063,-1,-1,-1
129,-1,291.3929,174.22401,181.8284,85.91182,0.98747224,-1,-1,-1
129,-1,0.0,183.24258,23.837355,46.15428,0.9615247,-1,-1,-1
129,-1,697.8533,164.48941,56.20276,17.53479,0.84189653,-1,-1,-1
129,-1,585.9191,167.64716,34.62677,22.681961,0.8048219,-1,-1,-1
129,-1,550.2627,173.71964,33.826782,21.222702,0.6802664,-1,-1,-1
130,-1,277.11838,173.58011,193.09357,90.15994,0.99308455,-1,-1,-1
130,-1,0.2285591,183.35869,115.836266,48.63234,0.988597,-1,-1,-1
130,-1,110.54262,174.19711,102.90471,54.200027,0.9869524,-1,-1,-1
130,-1,702.83185,164.7131,59.100708,16.445053,0.8771099,-1,-1,-1
130,-1,583.0843,165.74564,38.029663,24.465942,0.797704,-1,-1,-1
130,-1,545.9787,170.92317,38.25952,24.513351,0.7944751,-1,-1,-1
131,-1,258.6044,173.68048,206.0936,92.529144,0.9941831,-1,-1,-1
131,-1,96.26308,174.48268,106.37529,55.881363,0.99017805,-1,-1,-1
131,-1,0.0,182.3133,100.083145,49.719208,0.9842084,-1,-1,-1
131,-1,695.99274,165.10074,68.91431,17.530975,0.94538254,-1,-1,-1
131,-1,544.25446,169.3235,42.224365,26.659653,0.94195855,-1,-1,-1
131,-1,583.818,166.16992,35.41809,22.101654,0.9034987,-1,-1,-1
132,-1,243.37624,174.04869,207.19466,95.92345,0.9954803,-1,-1,-1
132,-1,74.280045,177.10016,114.86734,54.821716,0.98533094,-1,-1,-1
132,-1,0.0,183.02197,83.231186,49.38806,0.98217046,-1,-1,-1
132,-1,695.8846,164.7887,64.97986,18.384079,0.94535464,-1,-1,-1
132,-1,581.7965,166.65558,29.905579,21.352142,0.8150785,-1,-1,-1
132,-1,542.5047,169.8798,42.647217,25.843079,0.66849494,-1,-1,-1
132,-1,188.04718,203.31052,40.92917,23.65483,0.59325546,-1,-1,-1
133,-1,222.6855,174.14317,224.90102,101.04463,0.9953225,-1,-1,-1
133,-1,0.0,182.06595,63.55565,53.052017,0.97958964,-1,-1,-1
133,-1,55.562325,174.89581,122.66517,56.755386,0.9764706,-1,-1,-1
133,-1,697.49347,164.79881,64.30585,17.694489,0.93850625,-1,-1,-1
133,-1,537.55444,171.76541,35.886597,23.706818,0.84733087,-1,-1,-1
133,-1,578.838,166.22287,34.16504,19.433105,0.8266702,-1,-1,-1
134,-1,202.40154,175.08247,235.50706,104.71187,0.9935713,-1,-1,-1
134,-1,37.528957,175.20229,131.74266,59.987244,0.989032,-1,-1,-1
134,-1,690.68945,163.42267,72.715515,21.238602,0.95926726,-1,-1,-1
134,-1,0.08745886,183.22678,45.314697,47.660797,0.94923663,-1,-1,-1
134,-1,534.7041,170.81628,39.818115,24.058517,0.7142054,-1,-1,-1
134,-1,575.92676,166.73666,28.413574,20.722992,0.6568534,-1,-1,-1
135,-1,179.83148,175.13408,250.94385,109.51985,0.9950163,-1,-1,-1
135,-1,19.883308,176.24207,131.62494,61.47252,0.9904518,-1,-1,-1
135,-1,695.36304,164.71198,63.563538,17.75621,0.966973,-1,-1,-1
135,-1,0.21675478,188.72278,27.234802,44.67047,0.83722854,-1,-1,-1
135,-1,531.8092,172.15857,39.239746,24.843353,0.7308037,-1,-1,-1
135,-1,573.5182,166.25409,33.096252,22.418533,0.6843889,-1,-1,-1
135,-1,534.5555,166.25711,66.19104,31.044205,0.5616711,-1,-1,-1
136,-1,154.84718,174.9599,269.89172,118.97189,0.9948218,-1,-1,-1
136,-1,0.0,178.36801,125.179596,63.59381,0.98386914,-1,-1,-1
136,-1,694.60547,165.15437,64.511475,17.015594,0.966741,-1,-1,-1
136,-1,570.66254,167.41954,33.53894,23.891953,0.9475185,-1,-1,-1
136,-1,529.1564,171.48317,41.48047,26.27098,0.9063606,-1,-1,-1
137,-1,125.32421,173.85474,290.0963,124.714935,0.9952468,-1,-1,-1
137,-1,690.8248,164.67065,65.135376,17.613739,0.9601842,-1,-1,-1
137,-1,525.60046,172.6933,42.712036,27.506653,0.95914257,-1,-1,-1
137,-1,569.7348,167.42159,33.887695,22.490356,0.9066313,-1,-1,-1
137,-1,1.8072636,177.5661,89.71458,64.75363,0.87564445,-1,-1,-1
138,-1,98.0609,175.18842,301.95624,133.59299,0.99706143,-1,-1,-1
138,-1,0.5484809,178.30273,105.59126,65.46553,0.9683036,-1,-1,-1
138,-1,695.7741,164.97328,61.13446,17.128143,0.9536459,-1,-1,-1
138,-1,566.09985,168.9478,30.60144,21.961945,0.9449415,-1,-1,-1
138,-1,522.64374,173.6865,40.294495,25.358002,0.93052185,-1,-1,-1
138,-1,588.1099,167.01756,19.40686,17.34224,0.52364224,-1,-1,-1
139,-1,61.454002,175.66856,327.94986,141.64125,0.9967499,-1,-1,-1
139,-1,13.824006,178.87852,71.408035,67.27681,0.97296846,-1,-1,-1
139,-1,563.663,169.68092,30.404785,21.267654,0.93490237,-1,-1,-1
139,-1,520.426,175.15381,45.102417,26.987762,0.9311702,-1,-1,-1
139,-1,690.903,165.12163,59.40674,17.49141,0.9249049,-1,-1,-1
140,-1,20.311459,174.71419,360.90744,155.47191,0.9960426,-1,-1,-1
140,-1,0.6464218,179.85841,69.781075,70.16873,0.9600387,-1,-1,-1
140,-1,689.3116,166.14575,64.82544,18.692368,0.9342328,-1,-1,-1
140,-1,516.43384,174.59521,35.539917,27.009949,0.89785576,-1,-1,-1
140,-1,560.59357,169.95581,34.29004,22.47821,0.83530015,-1,-1,-1
141,-1,5.164411,178.49295,355.33694,162.08972,0.99458945,-1,-1,-1
141,-1,511.4698,174.81914,40.813904,28.144226,0.94959897,-1,-1,-1
141,-1,558.86615,170.2216,29.860046,23.658417,0.9338975,-1,-1,-1
141,-1,689.18445,166.19753,61.37732,17.791626,0.9182833,-1,-1,-1
141,-1,0.0,184.37518,63.737415,69.89418,0.7506823,-1,-1,-1
141,-1,581.5465,167.3214,17.003174,15.595139,0.5943301,-1,-1,-1
141,-1,684.3843,163.91614,38.526672,19.258774,0.5720363,-1,-1,-1
142,-1,2.7428775,178.78609,348.30966,172.52425,0.9970393,-1,-1,-1
142,-1,508.24518,173.50456,48.346497,28.127167,0.9538052,-1,-1,-1
142,-1,686.6217,165.7504,64.882935,18.956161,0.91653043,-1,-1,-1
142,-1,556.0756,168.90063,30.074585,24.671967,0.9096176,-1,-1,-1
142,-1,578.882,167.18701,20.061768,20.082703,0.8416617,-1,-1,-1
142,-1,218.95497,155.07726,54.00618,27.258453,0.6103438,-1,-1,-1
143,-1,0.0,179.44685,334.24026,186.44713,0.99341375,-1,-1,-1
143,-1,553.117,169.77603,29.932861,23.675629,0.9693272,-1,-1,-1
143,-1,505.04,172.71584,48.731964,28.734665,0.9591737,-1,-1,-1
143,-1,690.00793,165.50403,57.318848,17.983643,0.87750745,-1,-1,-1
143,-1,208.46191,155.68724,60.571503,26.424606,0.7881308,-1,-1,-1
143,-1,576.0666,167.87608,19.273315,18.893478,0.7321054,-1,-1,-1
144,-1,1.7545924,179.20183,316.28143,184.704,0.99498016,-1,-1,-1
144,-1,550.621,170.03525,30.94757,24.129028,0.97322243,-1,-1,-1
144,-1,502.27512,173.23062,48.36319,29.82492,0.9706745,-1,-1,-1
144,-1,677.35205,164.34058,58.30542,26.301163,0.89320016,-1,-1,-1
144,-1,197.73376,154.14516,63.885254,28.533417,0.81598365,-1,-1,-1
144,-1,574.1002,167.574,18.798279,17.13678,0.77850586,-1,-1,-1
144,-1,675.8696,161.37943,43.148743,20.956223,0.64707154,-1,-1,-1
145,-1,1.6136831,181.05074,296.123,182.75685,0.9942106,-1,-1,-1
145,-1,548.0945,170.2814,32.159485,22.63388,0.9801513,-1,-1,-1
145,-1,498.51718,170.69406,49.48465,32.449356,0.9631419,-1,-1,-1
145,-1,678.3205,165.31993,58.677673,22.807602,0.92340344,-1,-1,-1
145,-1,187.041,155.34727,64.40286,27.11589,0.8886128,-1,-1,-1
145,-1,572.425,166.99884,20.703247,19.797821,0.84984726,-1,-1,-1
145,-1,674.44464,160.25891,40.80359,21.022934,0.6975383,-1,-1,-1
146,-1,2.839568,182.08127,272.7281,179.03421,0.9910059,-1,-1,-1
146,-1,543.89923,170.45718,35.489624,22.962128,0.9795695,-1,-1,-1
146,-1,493.322,172.59508,48.832245,30.2919,0.97393745,-1,-1,-1
146,-1,679.26404,165.23889,61.935303,22.756348,0.9373301,-1,-1,-1
146,-1,174.98366,155.54279,68.786575,30.279388,0.880154,-1,-1,-1
146,-1,569.9267,167.066,18.88385,17.141235,0.67756027,-1,-1,-1
146,-1,675.94635,162.8995,46.763184,20.30748,0.66402984,-1,-1,-1
147,-1,540.5419,170.253,36.91748,23.655823,0.99015254,-1,-1,-1
147,-1,489.6207,172.07712,52.526947,33.362427,0.9810433,-1,-1,-1
147,-1,1.259273,184.204,248.3404,177.72893,0.9795672,-1,-1,-1
147,-1,676.7262,165.26816,66.085144,21.414948,0.95886517,-1,-1,-1
147,-1,567.34985,166.81427,19.23059,19.416992,0.8172993,-1,-1,-1
147,-1,166.2798,157.32552,57.09668,25.521011,0.81425697,-1,-1,-1
147,-1,680.4996,163.06276,38.83734,20.984375,0.52444863,-1,-1,-1
148,-1,538.44995,169.10861,36.17694,23.284973,0.98953015,-1,-1,-1
148,-1,1.3702058,186.37538,219.74565,180.2028,0.98233,-1,-1,-1
148,-1,487.49258,173.56004,50.55002,31.21939,0.9740458,-1,-1,-1
148,-1,678.2448,165.36562,64.08942,21.227356,0.93625546,-1,-1,-1
148,-1,149.97192,161.2115,46.24559,27.615494,0.8922841,-1,-1,-1
148,-1,564.09314,167.6462,19.201233,18.660599,0.86404586,-1,-1,-1
148,-1,169.5723,157.66394,63.645264,26.75064,0.82886565,-1,-1,-1
148,-1,670.2041,159.98633,42.114807,21.468826,0.73932076,-1,-1,-1
148,-1,8.771652,161.23387,181.19597,29.261017,0.5086404,-1,-1,-1
149,-1,2.2164955,190.25313,186.58226,175.65303,0.98766124,-1,-1,-1
149,-1,535.4601,169.4842,36.231445,23.31752,0.9857027,-1,-1,-1
149,-1,677.4158,165.27925,61.905396,21.774551,0.9711558,-1,-1,-1
149,-1,481.52072,171.81065,53.940033,33.791122,0.94495887,-1,-1,-1
149,-1,139.53247,158.6931,37.253525,31.124298,0.9190975,-1,-1,-1
149,-1,181.82417,159.261,45.983093,24.440216,0.7918448,-1,-1,-1
149,-1,562.24396,166.9521,19.298828,18.729034,0.7774874,-1,-1,-1
149,-1,669.60205,160.30576,41.1557,20.999573,0.6894919,-1,-1,-1
150,-1,0.75934404,190.86049,147.0715,175.52046,0.993548,-1,-1,-1
150,-1,532.37445,170.98532,32.301697,23.93518,0.98750454,-1,-1,-1
150,-1,677.7474,166.73973,66.44946,22.304977,0.9816674,-1,-1,-1
150,-1,476.2344,174.54285,54.874664,33.47821,0.9731665,-1,-1,-1
150,-1,158.96057,158.78296,61.227142,25.431656,0.8872807,-1,-1,-1
150,-1,125.455635,161.0647,58.087715,28.63733,0.8848023,-1,-1,-1
150,-1,558.7035,167.84084,22.654846,19.615524,0.8669145,-1,-1,-1
150,-1,671.02423,162.25073,40.571472,22.112656,0.671462,-1,-1,-1
150,-1,668.0893,164.66402,21.314453,20.28183,0.5381189,-1,-1,-1
150,-1,541.99646,169.17305,33.07251,22.265808,0.52016425,-1,-1,-1
151,-1,0.18967138,194.39964,101.636475,173.98772,0.9915541,-1,-1,-1
151,-1,677.057,167.07407,60.9718,20.813034,0.97931516,-1,-1,-1
151,-1,529.2845,172.02457,35.051453,25.325195,0.9788624,-1,-1,-1
151,-1,124.93343,161.15143,45.44877,28.661392,0.97267705,-1,-1,-1
151,-1,472.83072,174.79895,56.669952,35.481552,0.96360517,-1,-1,-1
151,-1,149.61523,158.51588,63.27478,27.503418,0.93696886,-1,-1,-1
151,-1,556.2225,169.8337,19.54889,18.12558,0.8404267,-1,-1,-1
151,-1,664.9763,163.36546,25.717407,20.138885,0.57724774,-1,-1,-1
152,-1,674.4398,166.54005,72.42499,23.680725,0.9906533,-1,-1,-1
152,-1,469.25305,174.27641,58.421936,35.556046,0.97575176,-1,-1,-1
152,-1,526.0798,172.5432,35.536987,23.585144,0.97500867,-1,-1,-1
152,-1,97.81879,161.85426,60.77101,30.006058,0.97323316,-1,-1,-1
152,-1,0.32101116,229.34589,43.1009,140.65411,0.93559015,-1,-1,-1
152,-1,138.68893,159.49454,65.44328,26.956635,0.90265185,-1,-1,-1
152,-1,552.37933,170.32825,19.74115,17.023514,0.78713375,-1,-1,-1
152,-1,662.4395,163.13023,29.5495,20.818893,0.52460206,-1,-1,-1
153,-1,462.72916,177.36685,61.86325,34.29277,0.9869827,-1,-1,-1
153,-1,673.58307,167.25372,77.39728,22.6503,0.984837,-1,-1,-1
153,-1,80.33141,160.89081,67.393135,31.816757,0.97999495,-1,-1,-1
153,-1,524.7357,173.06271,32.310303,23.24022,0.9742218,-1,-1,-1
153,-1,132.73247,159.02306,63.769943,27.511276,0.95094055,-1,-1,-1
153,-1,550.6421,170.36124,21.50122,19.541107,0.8923993,-1,-1,-1
153,-1,101.65044,162.10667,56.982803,26.138138,0.80598223,-1,-1,-1
153,-1,661.0426,161.47359,43.377502,23.700226,0.7146752,-1,-1,-1
154,-1,670.80286,167.83098,80.80554,23.828568,0.98783815,-1,-1,-1
154,-1,457.85507,178.45757,60.852325,34.95877,0.9833513,-1,-1,-1
154,-1,521.18146,174.22714,34.842224,23.402832,0.97713566,-1,-1,-1
154,-1,66.8487,161.91508,68.89051,31.437714,0.96827996,-1,-1,-1
154,-1,122.793495,158.87253,65.81905,28.942383,0.9226825,-1,-1,-1
154,-1,548.31903,169.67926,24.728271,20.347382,0.81384104,-1,-1,-1
154,-1,92.76146,162.90001,52.9245,27.092041,0.80915797,-1,-1,-1
154,-1,659.1209,162.4704,42.94397,23.570374,0.6696858,-1,-1,-1
155,-1,674.10315,168.7492,78.08276,22.476898,0.9930507,-1,-1,-1
155,-1,517.02936,174.38832,36.143433,25.857803,0.9899895,-1,-1,-1
155,-1,454.07306,178.13686,61.86621,35.342575,0.98669004,-1,-1,-1
155,-1,50.88305,162.62468,61.664886,32.608765,0.9576867,-1,-1,-1
155,-1,121.765205,160.54831,58.97866,27.860184,0.8672784,-1,-1,-1
155,-1,74.13476,163.11617,64.644936,28.717575,0.85484755,-1,-1,-1
155,-1,545.13995,170.84416,20.692322,19.783218,0.7822556,-1,-1,-1
155,-1,657.5977,163.78209,30.977661,22.0746,0.6268214,-1,-1,-1
156,-1,675.9702,169.46935,73.759766,20.193771,0.99468106,-1,-1,-1
156,-1,449.3321,177.35771,64.84558,37.137436,0.9932214,-1,-1,-1
156,-1,514.7395,173.05562,35.032654,27.56189,0.986155,-1,-1,-1
156,-1,34.296085,162.55156,75.46803,33.03743,0.9442419,-1,-1,-1
156,-1,66.60588,162.92638,55.816345,29.82373,0.9169085,-1,-1,-1
156,-1,107.870026,158.68628,65.101364,30.470078,0.9011942,-1,-1,-1
156,-1,542.884,170.72385,21.233276,20.994217,0.87467855,-1,-1,-1
156,-1,657.48566,164.84229,30.513855,21.39154,0.64529043,-1,-1,-1
157,-1,674.4548,169.66974,76.11774,20.26648,0.99377245,-1,-1,-1
157,-1,511.25104,172.87068,36.82434,27.772171,0.98913187,-1,-1,-1
157,-1,445.04773,177.44518,67.19342,38.167145,0.9863197,-1,-1,-1
157,-1,9.304017,161.16719,77.09269,35.692886,0.9532401,-1,-1,-1
157,-1,540.17084,170.69582,21.808167,20.812988,0.9061108,-1,-1,-1
157,-1,58.01134,163.12611,52.159603,29.029251,0.8894425,-1,-1,-1
157,-1,97.38105,159.30771,63.313545,29.55043,0.8631001,-1,-1,-1
157,-1,656.46716,164.64175,29.114563,24.5354,0.81469196,-1,-1,-1
158,-1,671.27057,169.07405,80.40369,23.379913,0.9924866,-1,-1,-1
158,-1,507.8553,174.191,36.206055,26.838135,0.9920169,-1,-1,-1
158,-1,438.3929,177.50476,67.66733,38.22415,0.9887651,-1,-1,-1
158,-1,42.791016,163.77487,60.114296,30.62886,0.93949175,-1,-1,-1
158,-1,3.6702282,161.51465,77.07169,36.4525,0.8786819,-1,-1,-1
158,-1,89.27537,159.81487,58.128883,29.723785,0.87599695,-1,-1,-1
158,-1,536.58514,170.93889,21.79663,21.862823,0.86170584,-1,-1,-1
158,-1,655.2362,165.6536,30.611877,23.483978,0.7486038,-1,-1,-1
158,-1,545.15784,171.09827,23.132935,19.674393,0.57885027,-1,-1,-1
158,-1,521.0037,171.81415,33.09851,24.522263,0.5513991,-1,-1,-1
159,-1,503.7544,174.25156,38.496826,27.618408,0.99122894,-1,-1,-1
159,-1,666.824,169.29373,87.401306,23.857971,0.9906239,-1,-1,-1
159,-1,434.3392,178.40965,66.08539,39.425415,0.98910904,-1,-1,-1
159,-1,33.67207,164.9527,60.09585,29.201172,0.9478455,-1,-1,-1
159,-1,0.39806855,164.1694,58.850853,35.743973,0.8852957,-1,-1,-1
159,-1,78.636765,161.54465,52.69171,29.684021,0.8464706,-1,-1,-1
159,-1,532.88007,171.80669,24.115479,22.602371,0.81703377,-1,-1,-1
159,-1,650.2909,165.87701,35.47357,22.397995,0.7032899,-1,-1,-1
160,-1,669.2944,169.06018,83.65393,23.618423,0.9916564,-1,-1,-1
160,-1,500.7846,175.21936,38.251465,27.82843,0.9913858,-1,-1,-1
160,-1,427.74142,178.7482,70.65732,39.528336,0.9831154,-1,-1,-1
160,-1,10.233123,166.45801,65.653404,30.257141,0.9589063,-1,-1,-1
160,-1,531.26294,172.1539,22.117676,20.900284,0.9116266,-1,-1,-1
160,-1,650.10284,165.44586,35.16107,23.786514,0.8188627,-1,-1,-1
160,-1,69.14382,164.6162,47.120956,27.814194,0.75050825,-1,-1,-1
160,-1,0.049133323,166.06544,40.385212,34.79193,0.5396954,-1,-1,-1
161,-1,668.1443,169.42157,80.54718,21.140778,0.9934168,-1,-1,-1
161,-1,496.1424,174.52678,38.80005,29.0578,0.98868364,-1,-1,-1
161,-1,422.09787,179.16412,68.441956,40.331802,0.987235,-1,-1,-1
161,-1,0.24030739,166.74336,62.174545,34.47357,0.94461167,-1,-1,-1
161,-1,528.1516,171.75975,22.08197,22.576935,0.89412546,-1,-1,-1
161,-1,648.74854,164.14757,34.368713,25.879883,0.83287436,-1,-1,-1
161,-1,58.955723,165.6299,40.35011,27.501053,0.70109624,-1,-1,-1
162,-1,491.42752,175.05873,43.819,28.903168,0.99002105,-1,-1,-1
162,-1,665.5264,170.06801,86.60693,23.15686,0.98953855,-1,-1,-1
162,-1,415.93326,181.52344,72.98505,40.91362,0.98468983,-1,-1,-1
162,-1,1.6072888,167.05887,53.37953,33.052628,0.88369375,-1,-1,-1
162,-1,524.88367,172.25122,23.352722,21.092209,0.8525051,-1,-1,-1
162,-1,647.9744,167.49333,32.964355,23.60431,0.827853,-1,-1,-1
162,-1,17.333075,170.78766,53.184975,26.369843,0.5006542,-1,-1,-1
163,-1,409.31415,180.68965,74.949615,42.649155,0.990081,-1,-1,-1
163,-1,659.1639,171.0909,92.81494,24.240524,0.98912585,-1,-1,-1
163,-1,489.57297,175.48195,39.74533,29.943298,0.98656076,-1,-1,-1
163,-1,523.3777,173.48637,22.390137,20.91475,0.90088385,-1,-1,-1
163,-1,645.97125,165.44377,38.13446,25.27716,0.8230385,-1,-1,-1
163,-1,0.46399415,168.72296,53.70027,29.813019,0.81914115,-1,-1,-1
164,-1,661.59094,172.04005,91.553345,21.903336,0.9935701,-1,-1,-1
164,-1,485.9404,175.69484,38.81436,31.05626,0.99138653,-1,-1,-1
164,-1,405.05078,179.50186,78.1181,45.32042,0.986772,-1,-1,-1
164,-1,521.3142,173.15565,23.100525,22.469345,0.9430758,-1,-1,-1
164,-1,642.50665,165.4334,38.07715,25.609436,0.8074424,-1,-1,-1
164,-1,0.0,172.32494,43.916847,26.736786,0.6568331,-1,-1,-1
165,-1,482.37915,176.58215,43.275146,30.541977,0.99397075,-1,-1,-1
165,-1,660.64325,171.4185,93.15192,24.177353,0.9905605,-1,-1,-1
165,-1,399.52258,180.15234,79.686676,45.742554,0.9891902,-1,-1,-1
165,-1,516.739,173.24934,24.54132,23.190948,0.923992,-1,-1,-1
165,-1,641.83856,166.05261,36.614258,24.996567,0.85326874,-1,-1,-1
166,-1,479.22302,177.13295,40.67505,30.876968,0.9923035,-1,-1,-1
166,-1,658.3959,170.73903,93.11804,25.220474,0.9899985,-1,-1,-1
166,-1,394.77963,181.16374,78.99365,46.785294,0.9827748,-1,-1,-1
166,-1,515.56934,174.30402,23.361511,22.001312,0.9077149,-1,-1,-1
166,-1,642.30145,167.2477,32.38849,25.73143,0.87700534,-1,-1,-1
166,-1,508.1538,175.81358,24.669128,25.672714,0.59754515,-1,-1,-1
167,-1,654.08044,172.71506,96.93262,24.955414,0.9932193,-1,-1,-1
167,-1,475.5337,178.41263,44.136536,30.743652,0.9898572,-1,-1,-1
167,-1,386.13867,183.24094,84.90845,46.994537,0.9867971,-1,-1,-1
167,-1,512.1085,174.99834,25.189453,23.112717,0.90585524,-1,-1,-1
167,-1,640.62775,166.50931,35.44336,26.022064,0.7980382,-1,-1,-1
168,-1,652.4885,172.4575,98.45825,25.917923,0.99301577,-1,-1,-1
168,-1,472.0808,178.16933,41.28302,32.005585,0.9898178,-1,-1,-1
168,-1,381.9533,182.30133,86.98782,48.43164,0.98892164,-1,-1,-1
168,-1,510.31247,174.33295,22.640656,24.382446,0.8982947,-1,-1,-1
168,-1,642.4042,168.87837,34.50653,24.895218,0.8551928,-1,-1,-1
168,-1,494.60583,175.1279,34.59491,27.488419,0.58885163,-1,-1,-1
169,-1,653.07404,172.41951,97.96442,26.782852,0.9918677,-1,-1,-1
169,-1,376.3887,181.71693,84.74521,49.22226,0.9887249,-1,-1,-1
169,-1,470.71967,176.37984,40.493683,32.499466,0.986746,-1,-1,-1
169,-1,508.46912,174.81528,23.11267,23.5522,0.91874975,-1,-1,-1
169,-1,639.6689,167.05374,38.47107,26.783432,0.81557554,-1,-1,-1
169,-1,497.81976,176.37401,26.260132,26.605331,0.60009897,-1,-1,-1
170,-1,467.31198,177.54301,41.929657,33.1707,0.99165714,-1,-1,-1
170,-1,652.83124,172.25092,98.64032,26.46344,0.98675585,-1,-1,-1
170,-1,370.79456,180.5115,86.83148,49.989044,0.9835196,-1,-1,-1
170,-1,505.13208,173.76498,23.567078,23.75911,0.87191355,-1,-1,-1
170,-1,637.7515,165.95177,40.595703,28.175232,0.86973363,-1,-1,-1
170,-1,499.89307,175.8094,23.672852,27.164413,0.74371785,-1,-1,-1
171,-1,648.5159,172.71974,102.857666,28.254318,0.9871141,-1,-1,-1
171,-1,365.11746,182.7675,89.83215,51.44507,0.98641753,-1,-1,-1
171,-1,464.55923,177.10582,42.71939,34.32788,0.9832476,-1,-1,-1
171,-1,502.47607,174.53285,25.278137,24.258667,0.929057,-1,-1,-1
171,-1,637.6942,169.51363,40.7713,25.865356,0.8398595,-1,-1,-1
172,-1,460.6509,178.92708,44.044647,33.70558,0.9904716,-1,-1,-1
172,-1,646.3325,174.73936,105.78662,27.345642,0.98995215,-1,-1,-1
172,-1,362.28156,183.91823,89.06906,51.38777,0.97183156,-1,-1,-1
172,-1,502.09695,176.21465,23.928986,25.962189,0.9267257,-1,-1,-1
172,-1,635.47766,172.13654,42.406677,24.466309,0.77948654,-1,-1,-1
172,-1,492.23398,178.19983,24.572052,28.647339,0.7553906,-1,-1,-1
172,-1,631.83215,168.14148,29.59076,25.21782,0.5572794,-1,-1,-1
173,-1,643.937,175.2127,106.757324,29.191055,0.99401987,-1,-1,-1
173,-1,459.3477,180.35152,41.761475,34.54959,0.99322426,-1,-1,-1
173,-1,354.99908,184.44427,93.05563,52.503815,0.9545707,-1,-1,-1
173,-1,500.8017,177.40117,24.603882,24.4189,0.9486641,-1,-1,-1
173,-1,627.46466,168.80055,48.89392,26.102036,0.8568093,-1,-1,-1
173,-1,493.81165,179.04381,23.817383,28.585388,0.62651426,-1,-1,-1
173,-1,640.8259,174.4365,36.4917,25.472916,0.56787324,-1,-1,-1
174,-1,455.60883,180.94948,41.901398,34.714737,0.99162406,-1,-1,-1
174,-1,647.4704,175.38344,104.872986,30.142822,0.990012,-1,-1,-1
174,-1,351.1404,185.85512,91.27017,54.26367,0.9651276,-1,-1,-1
174,-1,498.75284,177.25992,23.523346,25.423813,0.9473187,-1,-1,-1
174,-1,627.73334,168.02827,49.986572,28.382553,0.9298881,-1,-1,-1
174,-1,483.6947,178.16696,29.136047,29.617111,0.5704567,-1,-1,-1
175,-1,452.0852,180.88812,42.38394,34.34648,0.9922477,-1,-1,-1
175,-1,646.53534,175.18561,103.50372,31.357925,0.98432124,-1,-1,-1
175,-1,346.27188,186.31136,95.78754,52.96161,0.9756935,-1,-1,-1
175,-1,497.03732,176.9335,24.020721,26.49495,0.9570039,-1,-1,-1
175,-1,626.86957,168.21667,49.69226,29.448685,0.8953149,-1,-1,-1
175,-1,484.06525,179.1016,26.6521,28.887497,0.7386876,-1,-1,-1
176,-1,451.0054,180.66766,42.861206,34.347717,0.99076873,-1,-1,-1
176,-1,646.9311,175.02974,102.53198,30.94841,0.9879121,-1,-1,-1
176,-1,340.76868,185.80489,98.34787,55.464966,0.9705913,-1,-1,-1
176,-1,495.6396,176.91907,23.62207,25.509094,0.947372,-1,-1,-1
176,-1,625.9207,167.29074,54.44226,31.531265,0.918464,-1,-1,-1
176,-1,483.2923,180.39961,22.109009,30.172104,0.8311913,-1,-1,-1
177,-1,448.7545,180.2936,46.333008,34.995956,0.9920041,-1,-1,-1
177,-1,647.0806,174.95436,102.60278,30.989578,0.98109686,-1,-1,-1
177,-1,492.7145,176.92781,25.647919,26.418503,0.95908904,-1,-1,-1
177,-1,336.61,186.07806,97.85928,55.949097,0.9500118,-1,-1,-1
177,-1,623.9301,167.29195,54.148315,29.47676,0.890199,-1,-1,-1
177,-1,487.15173,179.74422,18.875946,30.241287,0.7654902,-1,-1,-1
177,-1,641.1811,175.80482,33.946045,26.56717,0.63812375,-1,-1,-1
178,-1,445.1378,180.48894,45.177917,35.937668,0.9898046,-1,-1,-1
178,-1,330.6135,186.65146,99.53647,57.443848,0.98335403,-1,-1,-1
178,-1,645.8005,175.53821,103.41516,30.020767,0.98262644,-1,-1,-1
178,-1,495.20383,177.18416,20.992767,24.726288,0.9569116,-1,-1,-1
178,-1,489.0107,178.39331,21.241913,28.849747,0.9037381,-1,-1,-1
178,-1,624.02563,168.5314,50.194885,31.698135,0.9005785,-1,-1,-1
178,-1,478.35663,180.7505,26.125854,29.77916,0.87673855,-1,-1,-1
179,-1,442.74176,180.12955,45.145996,36.576294,0.9888144,-1,-1,-1
179,-1,326.35416,187.4064,101.833435,57.73654,0.98397475,-1,-1,-1
179,-1,646.7702,175.83804,103.14917,31.220032,0.97930634,-1,-1,-1
179,-1,492.2591,177.25375,22.761292,26.27037,0.9537424,-1,-1,-1
179,-1,477.25195,180.77823,25.95758,29.667068,0.88897496,-1,-1,-1
179,-1,628.2462,173.69267,44.03589,27.312836,0.88548553,-1,-1,-1
