0,-1,557.603,192.34561,122.96008,110.39499,0.9940937,-1,-1,-1
0,-1,1004.1019,132.62488,219.78735,98.4395,0.80178666,-1,-1,-1
0,-1,558.92426,181.23204,56.93817,31.577301,0.67480505,-1,-1,-1
0,-1,557.84033,184.64882,33.143433,25.953552,0.56411576,-1,-1,-1
1,-1,556.49005,194.36073,123.227905,108.33815,0.9938956,-1,-1,-1
1,-1,796.1094,173.98318,20.794739,22.53267,0.78384465,-1,-1,-1
2,-1,558.52,196.24884,115.525696,104.069855,0.9939016,-1,-1,-1
2,-1,1024.1993,124.55334,200.41016,110.28568,0.8635848,-1,-1,-1
2,-1,798.3593,174.44102,31.741028,23.975769,0.78682655,-1,-1,-1
2,-1,425.503,186.22736,18.16864,21.822998,0.6316726,-1,-1,-1
2,-1,554.289,185.25546,33.884583,32.603912,0.5473317,-1,-1,-1
3,-1,560.15936,195.12996,112.61438,104.756454,0.993491,-1,-1,-1
3,-1,800.50757,173.77249,47.088257,26.337463,0.96121204,-1,-1,-1
3,-1,552.6485,184.76566,34.46216,34.351288,0.8690124,-1,-1,-1
3,-1,418.39984,185.88167,18.916443,20.947784,0.8143522,-1,-1,-1
4,-1,560.90485,195.31558,111.48462,102.84979,0.99412537,-1,-1,-1
4,-1,803.4883,173.24507,48.002563,27.070343,0.9745987,-1,-1,-1
4,-1,406.92822,184.33977,26.302277,23.189713,0.97237533,-1,-1,-1
4,-1,549.87897,184.63042,34.193848,34.637894,0.76521146,-1,-1,-1
4,-1,1051.9069,125.777855,171.86646,114.36942,0.71818095,-1,-1,-1
5,-1,558.63306,193.55989,112.95355,103.50783,0.99519426,-1,-1,-1
5,-1,393.21164,184.11534,37.208527,23.81932,0.97534806,-1,-1,-1
5,-1,805.1018,172.92369,48.793396,24.97554,0.97009104,-1,-1,-1
5,-1,549.3412,184.88313,32.930237,34.22908,0.9099293,-1,-1,-1
5,-1,1066.4825,120.37612,158.14075,121.79327,0.8628642,-1,-1,-1
6,-1,558.6067,190.41988,113.34515,104.833664,0.99618286,-1,-1,-1
6,-1,808.8975,170.78838,50.605225,26.55223,0.9801753,-1,-1,-1
6,-1,1082.0325,120.42165,142.90613,114.67089,0.9718304,-1,-1,-1
6,-1,385.0455,181.71693,39.713867,26.358505,0.89705276,-1,-1,-1
6,-1,550.16626,180.78656,30.283508,31.932236,0.6647205,-1,-1,-1
6,-1,578.5824,177.26018,32.27057,17.76471,0.524183,-1,-1,-1
7,-1,559.48694,188.4906,109.018555,100.745026,0.9953246,-1,-1,-1
7,-1,1124.2981,110.490654,100.54883,114.45672,0.98758274,-1,-1,-1
7,-1,811.2951,166.7032,51.243164,27.236618,0.98580474,-1,-1,-1
7,-1,390.24866,180.81203,31.783997,25.963669,0.825126,-1,-1,-1
7,-1,24.172905,186.93597,70.74936,42.55922,0.5501848,-1,-1,-1
8,-1,561.09564,187.26694,109.1449,99.16531,0.9964784,-1,-1,-1
8,-1,816.08936,165.10048,53.09497,26.757828,0.98786664,-1,-1,-1
8,-1,363.44217,177.60612,50.76642,30.412903,0.8983608,-1,-1,-1
8,-1,548.84033,175.16565,28.788269,36.576065,0.7456593,-1,-1,-1
8,-1,459.28568,176.29332,19.653748,19.34378,0.7179596,-1,-1,-1
8,-1,504.74188,174.98004,23.94934,26.544434,0.70976985,-1,-1,-1
9,-1,561.57886,185.8888,109.98529,102.19928,0.99539846,-1,-1,-1
9,-1,355.30212,176.5032,55.10211,33.096313,0.98820287,-1,-1,-1
9,-1,817.8506,164.32513,54.900757,27.5652,0.98089707,-1,-1,-1
9,-1,499.02377,177.7088,28.799286,24.789856,0.6806929,-1,-1,-1
9,-1,573.1833,174.30379,43.674805,22.590271,0.6358301,-1,-1,-1
9,-1,455.87894,177.59451,17.847778,19.845917,0.60780245,-1,-1,-1
10,-1,561.6065,185.66493,111.07178,101.01817,0.99423873,-1,-1,-1
10,-1,346.2632,176.74951,50.356903,32.966476,0.9848467,-1,-1,-1
10,-1,822.4628,164.24716,55.448303,27.786224,0.97864723,-1,-1,-1
10,-1,442.94177,175.7713,27.104706,20.04924,0.9054339,-1,-1,-1
10,-1,570.77295,174.94624,23.26593,20.613678,0.82538444,-1,-1,-1
10,-1,761.0712,180.98387,35.056946,32.681747,0.7602821,-1,-1,-1
10,-1,551.15405,173.6802,29.402039,22.067032,0.6948527,-1,-1,-1
10,-1,506.34256,176.47981,20.868256,23.22055,0.6413666,-1,-1,-1
10,-1,454.69455,177.13469,18.061462,19.914032,0.5153567,-1,-1,-1
11,-1,564.00726,185.32631,109.302795,97.62538,0.9958072,-1,-1,-1
11,-1,338.0624,177.91882,52.40274,31.93892,0.99186826,-1,-1,-1
11,-1,829.7194,163.88196,53.97003,27.701218,0.9685291,-1,-1,-1
11,-1,567.41876,175.2306,28.075806,19.760742,0.83918667,-1,-1,-1
11,-1,433.94794,174.56999,23.493042,20.75328,0.78527886,-1,-1,-1
11,-1,1180.6418,151.51408,45.01465,95.33269,0.70856816,-1,-1,-1
11,-1,552.15,173.11754,22.754456,18.255524,0.6044605,-1,-1,-1
11,-1,449.87747,174.9098,18.970215,21.057999,0.60009545,-1,-1,-1
12,-1,564.99603,184.42674,108.903564,97.49556,0.99631786,-1,-1,-1
12,-1,329.09387,178.24751,48.983154,32.71544,0.9910178,-1,-1,-1
12,-1,841.8619,164.18628,42.4256,29.304672,0.9589977,-1,-1,-1
12,-1,426.94,174.41505,27.548798,22.369675,0.9310305,-1,-1,-1
12,-1,567.7156,175.19809,28.545776,19.551636,0.90154445,-1,-1,-1
12,-1,502.98163,174.57715,21.09967,24.882187,0.7358119,-1,-1,-1
12,-1,439.91003,174.67986,20.938171,22.727158,0.5048532,-1,-1,-1
13,-1,564.17725,184.37744,107.93085,95.93985,0.9966658,-1,-1,-1
13,-1,319.854,179.33247,51.245117,33.93654,0.994393,-1,-1,-1
13,-1,420.43024,175.21228,30.317688,22.885529,0.9298261,-1,-1,-1
13,-1,853.6495,162.75172,33.99475,29.63704,0.91902125,-1,-1,-1
13,-1,566.3353,173.94077,29.334839,23.228683,0.8996349,-1,-1,-1
13,-1,500.9561,174.84232,21.437408,25.208878,0.68218285,-1,-1,-1
14,-1,564.76685,181.27818,106.536316,98.378006,0.9976857,-1,-1,-1
14,-1,307.76608,181.3314,50.34607,34.416428,0.99509346,-1,-1,-1
14,-1,413.32104,175.7905,36.15216,24.169296,0.9549682,-1,-1,-1
14,-1,563.01166,174.73038,29.983582,21.595673,0.94278723,-1,-1,-1
14,-1,500.0822,174.7874,21.692932,26.460312,0.68573797,-1,-1,-1
14,-1,869.9242,163.08244,28.358032,28.198486,0.6199808,-1,-1,-1
15,-1,566.0254,181.13733,103.56775,96.15607,0.99669206,-1,-1,-1
15,-1,297.185,181.44508,43.473694,35.829712,0.99036235,-1,-1,-1
15,-1,562.8002,174.63565,28.993713,22.31839,0.9520624,-1,-1,-1
15,-1,407.1884,175.41484,32.576294,25.468018,0.9249007,-1,-1,-1
15,-1,497.73856,174.35866,22.725128,27.71733,0.62179923,-1,-1,-1
15,-1,838.25696,160.68988,64.37976,30.505402,0.60859215,-1,-1,-1
15,-1,822.0784,169.12862,29.408325,22.347046,0.5795673,-1,-1,-1
16,-1,566.6975,181.25877,103.297424,94.86745,0.99637693,-1,-1,-1
16,-1,559.56055,174.54973,31.931946,21.064499,0.9145748,-1,-1,-1
16,-1,402.00464,175.36618,29.67157,25.596695,0.8949433,-1,-1,-1
16,-1,908.1623,163.0828,37.600464,36.365585,0.7927572,-1,-1,-1
16,-1,283.86972,180.69089,42.751495,37.961197,0.76420677,-1,-1,-1
16,-1,495.86282,173.51994,23.31668,29.109146,0.6106914,-1,-1,-1
16,-1,829.02545,165.86668,37.52649,26.177582,0.5700168,-1,-1,-1
17,-1,567.58093,182.04073,102.003784,94.042984,0.9962763,-1,-1,-1
17,-1,393.03583,173.84592,34.877533,28.202332,0.91609704,-1,-1,-1
17,-1,561.3978,176.23041,24.096985,18.875427,0.8758869,-1,-1,-1
17,-1,859.9264,163.21875,27.544617,26.517273,0.87366736,-1,-1,-1
17,-1,491.1631,173.17648,25.526855,28.949768,0.71337265,-1,-1,-1
18,-1,568.3622,184.39026,102.00696,90.549866,0.996854,-1,-1,-1
18,-1,851.33234,162.30414,54.033997,29.612473,0.9770134,-1,-1,-1
18,-1,385.187,177.31871,29.256561,26.856934,0.9533174,-1,-1,-1
18,-1,560.2779,175.25085,25.91681,20.234482,0.92752105,-1,-1,-1
18,-1,485.84286,172.57626,30.766388,32.333313,0.923704,-1,-1,-1
18,-1,648.903,167.68549,24.447815,25.104996,0.6021165,-1,-1,-1
19,-1,568.9847,184.88455,100.428406,89.736755,0.9971831,-1,-1,-1
19,-1,865.94214,162.16238,54.88672,29.035004,0.9860707,-1,-1,-1
19,-1,276.09875,185.95448,42.683075,38.36046,0.97660166,-1,-1,-1
19,-1,480.5995,172.42722,32.657288,34.452087,0.94505095,-1,-1,-1
19,-1,379.0002,178.82733,25.849915,26.590515,0.8589794,-1,-1,-1
19,-1,558.60223,176.49571,27.424805,18.37082,0.7783681,-1,-1,-1
19,-1,650.186,168.88289,23.086182,23.766846,0.58520514,-1,-1,-1
19,-1,905.59784,161.26385,22.754822,31.508347,0.54057586,-1,-1,-1
19,-1,832.2414,169.48026,21.72699,23.528076,0.50767744,-1,-1,-1
20,-1,569.5781,183.80032,99.10712,87.22644,0.9959423,-1,-1,-1
20,-1,240.52571,187.55325,65.90669,41.308,0.9820556,-1,-1,-1
20,-1,855.3481,161.3305,71.53436,32.505905,0.9757953,-1,-1,-1
20,-1,475.51953,170.91272,34.60437,36.0981,0.9671122,-1,-1,-1
20,-1,554.4287,173.80922,38.113403,20.962418,0.91963917,-1,-1,-1
20,-1,366.20316,180.90523,23.344604,26.731033,0.8547393,-1,-1,-1
20,-1,921.4633,160.094,22.486877,37.130875,0.66479003,-1,-1,-1
20,-1,651.0629,168.20158,24.225464,23.676285,0.53889716,-1,-1,-1
21,-1,570.9898,181.97406,96.42053,87.1575,0.9968779,-1,-1,-1
21,-1,204.33743,185.87843,86.29187,45.41783,0.97194046,-1,-1,-1
21,-1,472.41168,170.62775,36.40152,35.121323,0.9640506,-1,-1,-1
21,-1,870.09393,160.19467,59.973755,30.479248,0.91975135,-1,-1,-1
21,-1,552.097,173.2728,30.28955,19.999115,0.871994,-1,-1,-1
21,-1,652.35114,165.55292,26.369934,25.398148,0.85598034,-1,-1,-1
21,-1,852.16705,165.0021,43.33972,27.627441,0.79715097,-1,-1,-1
21,-1,357.6454,182.14134,19.912079,23.331863,0.688827,-1,-1,-1
21,-1,931.65405,158.95427,47.927063,40.03444,0.63183314,-1,-1,-1
21,-1,927.4693,159.01494,27.37677,36.66278,0.52289236,-1,-1,-1
22,-1,571.61505,178.69861,95.190186,87.977356,0.9954087,-1,-1,-1
22,-1,867.1751,158.70062,60.768555,32.429672,0.9904694,-1,-1,-1
22,-1,172.99722,183.82593,105.45007,49.48799,0.97930324,-1,-1,-1
22,-1,464.63428,167.51328,41.971436,35.921707,0.9574222,-1,-1,-1
22,-1,551.6183,169.20804,27.244873,21.384567,0.9510832,-1,-1,-1
22,-1,654.3281,166.02538,27.924805,22.433762,0.75341576,-1,-1,-1
22,-1,575.90643,171.23228,17.753113,15.977203,0.6799929,-1,-1,-1
23,-1,574.7412,181.35706,90.50598,81.7879,0.9946911,-1,-1,-1
23,-1,883.8053,159.62727,58.66284,30.118057,0.9919682,-1,-1,-1
23,-1,146.58897,187.01149,110.19096,50.506042,0.98665243,-1,-1,-1
23,-1,549.02576,167.43427,30.223022,22.788162,0.95907104,-1,-1,-1
23,-1,369.89737,173.36029,27.59842,28.191269,0.91608953,-1,-1,-1
23,-1,653.64343,163.17659,29.078186,26.940659,0.90446,-1,-1,-1
23,-1,462.57214,167.74284,38.9599,37.457962,0.86887556,-1,-1,-1
23,-1,937.29724,159.2489,23.805603,36.905853,0.8389317,-1,-1,-1
24,-1,573.67395,179.60733,93.66107,83.84778,0.9955552,-1,-1,-1
24,-1,905.07477,157.87769,41.77643,32.11409,0.99390113,-1,-1,-1
24,-1,117.58775,189.38304,121.81488,53.569275,0.97912955,-1,-1,-1
24,-1,351.18185,174.22755,38.1557,30.763168,0.96867114,-1,-1,-1
24,-1,459.29578,169.04482,41.476532,36.10167,0.94917464,-1,-1,-1
24,-1,654.14075,163.44669,30.511047,23.788742,0.8137231,-1,-1,-1
24,-1,548.55804,169.46947,29.585327,20.192719,0.80321795,-1,-1,-1
24,-1,945.89984,154.36,45.575134,41.48622,0.7953542,-1,-1,-1
24,-1,944.72253,156.61536,23.256653,36.825623,0.59587693,-1,-1,-1
24,-1,580.1458,170.10666,40.995605,23.652298,0.545324,-1,-1,-1
25,-1,573.7691,179.78008,92.093506,82.79234,0.9969086,-1,-1,-1
25,-1,331.43552,177.1308,48.811768,32.936707,0.9844077,-1,-1,-1
25,-1,82.851494,193.07593,130.98251,55.70778,0.9814029,-1,-1,-1
25,-1,924.9283,159.14003,28.513062,27.991348,0.9453344,-1,-1,-1
25,-1,458.32132,168.10265,38.788788,36.072815,0.9073946,-1,-1,-1
25,-1,546.73987,170.40114,30.273499,19.578842,0.90705246,-1,-1,-1
25,-1,654.26654,163.7949,30.590149,26.316864,0.80637074,-1,-1,-1
25,-1,578.93713,171.67465,42.085632,26.842453,0.7774756,-1,-1,-1
25,-1,948.6086,155.64328,34.892517,38.569046,0.76683426,-1,-1,-1
25,-1,467.32797,168.89929,51.58011,38.39235,0.51552224,-1,-1,-1
26,-1,573.93384,179.02965,90.08142,83.706894,0.9968521,-1,-1,-1
26,-1,43.83867,193.02548,146.0622,62.601837,0.99198383,-1,-1,-1
26,-1,320.6856,178.12608,46.668854,34.97119,0.9880624,-1,-1,-1
26,-1,546.43555,169.70744,29.913452,21.120667,0.92941976,-1,-1,-1
26,-1,456.6987,170.01,57.44113,38.245926,0.8846807,-1,-1,-1
26,-1,953.8534,155.40083,60.217163,42.083405,0.81605756,-1,-1,-1
26,-1,656.1261,166.11801,32.577454,23.626587,0.80435556,-1,-1,-1
26,-1,436.99243,175.43497,19.439697,20.748795,0.6659815,-1,-1,-1
26,-1,570.03174,169.97203,20.505615,17.29454,0.51740295,-1,-1,-1
26,-1,581.0514,170.63472,39.65564,22.723618,0.5113388,-1,-1,-1
27,-1,574.34,181.02559,85.83063,79.184616,0.99561137,-1,-1,-1
27,-1,0.010518457,196.68651,162.21707,67.13432,0.9937808,-1,-1,-1
27,-1,283.32358,178.62004,70.85498,41.236374,0.9880056,-1,-1,-1
27,-1,544.1092,169.87903,31.990479,22.429535,0.9040797,-1,-1,-1
27,-1,452.3703,170.96715,60.53485,39.56546,0.88998574,-1,-1,-1
27,-1,653.63416,165.71037,35.2583,27.601486,0.8803931,-1,-1,-1
27,-1,436.1817,176.9239,18.596405,20.952194,0.8699916,-1,-1,-1
27,-1,579.46094,170.09311,37.55304,26.646317,0.6688235,-1,-1,-1
28,-1,573.99554,181.662,86.352905,77.35875,0.99618995,-1,-1,-1
28,-1,0.0,199.47668,128.96217,68.5242,0.9925371,-1,-1,-1
28,-1,268.8603,177.4462,69.19223,44.18721,0.9793833,-1,-1,-1
28,-1,544.4712,169.46819,28.633667,23.459412,0.9427986,-1,-1,-1
28,-1,451.52637,172.25687,35.530945,37.756622,0.92647266,-1,-1,-1
28,-1,655.60974,167.3013,33.98523,26.457565,0.88787663,-1,-1,-1
28,-1,577.9526,169.77702,41.84851,28.944504,0.82331085,-1,-1,-1
28,-1,269.03973,188.96107,34.21115,34.267654,0.80183995,-1,-1,-1
28,-1,432.6758,177.17958,18.778015,22.110031,0.74805295,-1,-1,-1
28,-1,620.823,165.8979,21.262573,18.70488,0.64444727,-1,-1,-1
29,-1,575.3557,180.78006,81.9198,74.56912,0.99596244,-1,-1,-1
29,-1,247.33736,186.57843,50.94008,37.513687,0.9948945,-1,-1,-1
29,-1,0.0,202.88354,88.70164,65.2146,0.98574686,-1,-1,-1
29,-1,450.35687,172.22185,33.38745,38.13591,0.90141124,-1,-1,-1
29,-1,574.9645,168.79146,46.106323,39.34601,0.8654394,-1,-1,-1
29,-1,423.17914,176.63164,22.568634,22.874222,0.85333925,-1,-1,-1
29,-1,542.7426,169.53738,30.11554,21.56958,0.8510618,-1,-1,-1
29,-1,655.09564,166.98666,37.242615,25.668198,0.84033793,-1,-1,-1
29,-1,435.76788,177.21304,13.952606,20.492172,0.7290215,-1,-1,-1
30,-1,226.86813,184.8441,59.639435,41.245956,0.9970234,-1,-1,-1
30,-1,572.95844,178.7761,81.935425,74.7762,0.9952247,-1,-1,-1
30,-1,541.20245,168.40404,26.476624,22.35527,0.9606171,-1,-1,-1
30,-1,655.96545,166.93033,37.090637,25.787048,0.8238704,-1,-1,-1
30,-1,571.5094,168.93594,46.128296,39.901184,0.80162376,-1,-1,-1
30,-1,447.00513,170.68916,65.20587,40.331146,0.76274985,-1,-1,-1
30,-1,413.2996,175.5607,31.583466,24.42369,0.75078654,-1,-1,-1
30,-1,444.753,168.86281,35.2175,39.512512,0.7281329,-1,-1,-1
30,-1,427.79483,177.08191,18.558624,21.707474,0.65190846,-1,-1,-1
31,-1,573.19806,178.83496,81.17865,74.335266,0.9970229,-1,-1,-1
31,-1,203.72769,185.91243,60.479675,45.53917,0.9951816,-1,-1,-1
31,-1,541.40314,170.81337,24.45282,21.02243,0.97473323,-1,-1,-1
31,-1,401.67938,175.8901,41.988007,24.97522,0.96893644,-1,-1,-1
31,-1,568.3012,172.39735,46.033875,38.65959,0.8859666,-1,-1,-1
31,-1,443.5833,169.79875,64.27417,42.069504,0.87254214,-1,-1,-1
31,-1,655.53723,166.99403,38.59442,26.288986,0.8338619,-1,-1,-1
31,-1,615.1498,163.33055,33.026978,20.60402,0.5556444,-1,-1,-1
32,-1,573.7146,179.57484,80.74225,73.49568,0.99666935,-1,-1,-1
32,-1,178.70358,191.61485,52.16844,44.58464,0.9775442,-1,-1,-1
32,-1,391.275,178.12363,48.879547,26.090652,0.97293335,-1,-1,-1
32,-1,540.4009,171.5868,25.794434,20.803421,0.9654497,-1,-1,-1
32,-1,568.3214,174.03125,43.59851,39.62239,0.86041003,-1,-1,-1
32,-1,653.9315,166.73972,40.665833,27.14418,0.8447932,-1,-1,-1
32,-1,439.53174,170.17314,53.731842,44.6575,0.73334306,-1,-1,-1
32,-1,438.51987,171.22874,30.376923,38.745422,0.6207609,-1,-1,-1
32,-1,183.79291,192.59378,100.33084,43.288208,0.56051666,-1,-1,-1
32,-1,617.3874,164.08553,27.822693,21.086823,0.5092185,-1,-1,-1
33,-1,572.01587,179.67029,80.81659,67.988785,0.9952987,-1,-1,-1
33,-1,380.58868,180.428,45.68643,26.574432,0.982688,-1,-1,-1
33,-1,539.1044,172.13312,23.901306,21.358353,0.9790197,-1,-1,-1
33,-1,217.14052,188.55136,47.698196,42.94931,0.9428924,-1,-1,-1
33,-1,436.16385,172.33037,28.824707,41.74579,0.8745538,-1,-1,-1
33,-1,562.4701,173.25414,48.81653,41.811127,0.8662845,-1,-1,-1
33,-1,653.9168,168.85712,41.02423,26.802551,0.8181618,-1,-1,-1
33,-1,154.65146,193.881,112.12921,43.185898,0.8150463,-1,-1,-1
33,-1,435.79483,173.05583,53.681305,44.875137,0.73031926,-1,-1,-1
33,-1,153.27966,203.4396,33.85283,39.34935,0.67496896,-1,-1,-1
33,-1,409.19864,180.22385,27.37851,24.01709,0.62425566,-1,-1,-1
33,-1,376.05637,176.55365,25.113953,25.737595,0.50472677,-1,-1,-1
34,-1,570.86176,180.04173,78.828,71.13841,0.99517006,-1,-1,-1
34,-1,166.39922,190.27855,82.86969,51.6008,0.9900892,-1,-1,-1
34,-1,537.98206,172.64467,23.280762,22.146881,0.97525126,-1,-1,-1
34,-1,371.05685,181.9805,56.69583,27.58641,0.9623641,-1,-1,-1
34,-1,654.24817,170.10558,42.81317,26.728195,0.864818,-1,-1,-1
34,-1,560.34717,174.50348,45.76172,41.492935,0.8492584,-1,-1,-1
34,-1,433.11496,174.39937,24.42212,41.783676,0.8187318,-1,-1,-1
34,-1,562.08575,178.64732,25.310059,37.77292,0.7155661,-1,-1,-1
35,-1,570.2659,182.74031,76.97278,67.63934,0.997152,-1,-1,-1
35,-1,123.426605,192.55644,98.9895,57.335236,0.9944371,-1,-1,-1
35,-1,365.05716,183.84169,58.586304,27.906693,0.990983,-1,-1,-1
35,-1,537.38544,174.75082,22.310791,21.702942,0.96021235,-1,-1,-1
35,-1,655.67615,173.05388,39.529846,26.285675,0.919078,-1,-1,-1
35,-1,558.9154,179.4709,44.145264,37.884537,0.9096027,-1,-1,-1
35,-1,428.59985,176.10121,22.060394,40.22087,0.62719655,-1,-1,-1
36,-1,568.54114,183.91005,75.72089,64.622574,0.99692106,-1,-1,-1
36,-1,59.842342,194.32756,140.73476,63.1118,0.99467057,-1,-1,-1
36,-1,353.24225,181.86806,63.429504,30.584457,0.9877418,-1,-1,-1
36,-1,536.49146,172.95471,22.334167,22.749268,0.9698241,-1,-1,-1
36,-1,556.0741,175.55296,46.478577,39.127853,0.91466427,-1,-1,-1
36,-1,654.30347,172.6186,40.226746,27.682724,0.8952455,-1,-1,-1
36,-1,424.4717,175.798,47.69217,49.52881,0.5297629,-1,-1,-1
37,-1,568.72345,180.43245,72.78137,65.41145,0.99685645,-1,-1,-1
37,-1,2.5769308,197.01291,165.87434,69.915436,0.99602616,-1,-1,-1
37,-1,344.234,182.14499,65.16812,32.901337,0.99185246,-1,-1,-1
37,-1,535.1922,173.45738,22.525574,22.00737,0.96086854,-1,-1,-1
37,-1,554.043,176.29062,39.002625,38.060745,0.91323227,-1,-1,-1
37,-1,653.58606,169.95769,42.92218,28.68814,0.83443147,-1,-1,-1
38,-1,0.0,200.10678,142.17165,72.80939,0.9962489,-1,-1,-1
38,-1,566.3551,179.78743,72.04114,60.943497,0.99622077,-1,-1,-1
38,-1,334.09702,183.30905,65.13696,32.25531,0.99156356,-1,-1,-1
38,-1,534.92126,172.69135,22.401428,22.592453,0.9592974,-1,-1,-1
38,-1,551.2014,174.0207,51.200195,39.195786,0.91566,-1,-1,-1
38,-1,652.71796,167.81332,44.23456,30.981949,0.884593,-1,-1,-1
39,-1,565.9121,180.22249,70.16028,59.121292,0.9961201,-1,-1,-1
39,-1,2.1541119,201.53835,101.248314,73.53111,0.99605346,-1,-1,-1
39,-1,319.96277,182.4876,72.63861,33.852234,0.9824223,-1,-1,-1
39,-1,533.13965,173.21347,21.223633,20.543396,0.96051323,-1,-1,-1
39,-1,652.475,167.35443,48.781494,31.636368,0.9315046,-1,-1,-1
39,-1,439.75732,171.32584,57.02484,47.04355,0.9101949,-1,-1,-1
39,-1,546.4567,175.35895,37.395386,34.37474,0.907257,-1,-1,-1
39,-1,694.83136,172.23653,28.364685,31.087479,0.59349865,-1,-1,-1
39,-1,615.982,166.89044,21.184814,18.508804,0.5630607,-1,-1,-1
40,-1,563.60675,178.43954,70.7807,60.66844,0.99605966,-1,-1,-1
40,-1,307.50934,182.99731,75.770386,33.657272,0.99471825,-1,-1,-1
40,-1,0.0,203.15863,61.88242,72.72482,0.9894572,-1,-1,-1
40,-1,543.13196,176.4655,34.145447,35.13405,0.9846399,-1,-1,-1
40,-1,531.91284,171.70428,22.6167,22.723663,0.9633791,-1,-1,-1
40,-1,652.97577,168.15704,55.170227,30.42369,0.9387168,-1,-1,-1
40,-1,445.65057,171.81387,43.38748,48.117737,0.8822696,-1,-1,-1
40,-1,616.2033,167.43704,19.314331,18.441696,0.5530769,-1,-1,-1
41,-1,295.7511,182.50246,75.42914,37.336136,0.9958923,-1,-1,-1
41,-1,561.93475,179.50235,68.33472,57.651413,0.99553996,-1,-1,-1
41,-1,539.695,177.30394,33.884155,35.697052,0.9856785,-1,-1,-1
41,-1,440.06107,174.65651,46.302948,47.651367,0.9837736,-1,-1,-1
41,-1,530.81573,172.50377,21.97821,20.262695,0.9136273,-1,-1,-1
41,-1,656.6657,169.25594,46.882202,29.153534,0.8178519,-1,-1,-1
41,-1,612.33215,165.05591,36.8219,21.134216,0.53722596,-1,-1,-1
42,-1,561.4308,178.56923,65.68939,56.499237,0.9959423,-1,-1,-1
42,-1,278.7405,183.78758,82.89792,38.3089,0.99286544,-1,-1,-1
42,-1,428.26837,174.97682,53.663208,48.02072,0.98902124,-1,-1,-1
42,-1,539.2114,177.21933,34.047424,33.386,0.98365515,-1,-1,-1
42,-1,530.514,172.34254,22.221375,23.27893,0.90783405,-1,-1,-1
42,-1,653.60724,169.94121,44.854675,30.822296,0.80836576,-1,-1,-1
42,-1,614.8691,167.69405,20.87207,19.749115,0.7117003,-1,-1,-1
43,-1,557.977,180.13556,63.65851,56.829514,0.9976426,-1,-1,-1
43,-1,416.04575,174.42613,61.943237,52.017975,0.98581344,-1,-1,-1
43,-1,261.33606,185.08205,89.56949,39.68196,0.98315686,-1,-1,-1
43,-1,537.5943,177.99405,33.98474,32.792953,0.96665025,-1,-1,-1
43,-1,652.6729,170.1588,43.885803,32.73105,0.9047074,-1,-1,-1
43,-1,532.0269,170.45932,19.308716,21.361115,0.75016344,-1,-1,-1
43,-1,612.9936,166.44156,33.575012,20.700348,0.6607801,-1,-1,-1
44,-1,555.9804,178.9753,63.072327,57.65709,0.99471176,-1,-1,-1
44,-1,404.73203,174.9469,69.01053,52.411163,0.98607326,-1,-1,-1
44,-1,241.10782,187.71854,92.64758,40.17865,0.98586375,-1,-1,-1
44,-1,533.7921,177.42987,33.689636,33.17952,0.9840583,-1,-1,-1
44,-1,486.94412,158.2418,26.899078,30.459366,0.80806285,-1,-1,-1
44,-1,650.89777,170.91571,28.692078,30.15216,0.7737779,-1,-1,-1
44,-1,609.7719,168.00194,23.78479,20.746185,0.7046962,-1,-1,-1
44,-1,610.39746,165.26448,41.726074,22.58899,0.5761642,-1,-1,-1
45,-1,219.54552,187.1532,94.65721,43.521927,0.9957058,-1,-1,-1
45,-1,552.9138,180.26205,62.215454,55.386856,0.9932413,-1,-1,-1
45,-1,391.55936,177.06294,79.40509,52.025375,0.9773755,-1,-1,-1
45,-1,531.63947,177.24716,28.405396,31.67949,0.94446856,-1,-1,-1
45,-1,612.5172,166.41936,24.17987,22.931503,0.7129726,-1,-1,-1
45,-1,483.1837,158.29924,28.995636,30.509232,0.61833924,-1,-1,-1
45,-1,651.65424,170.8814,24.924866,29.868942,0.552833,-1,-1,-1
45,-1,946.57983,154.10252,34.76361,44.160034,0.5380884,-1,-1,-1
45,-1,574.87573,171.55704,23.62323,11.856171,0.51674205,-1,-1,-1
45,-1,673.22675,170.07408,24.972168,32.610504,0.51206416,-1,-1,-1
46,-1,547.8786,179.81664,64.11804,53.230698,0.9947265,-1,-1,-1
46,-1,196.48863,189.22375,110.30705,44.426025,0.9907562,-1,-1,-1
46,-1,379.95682,174.67361,86.4711,55.583206,0.9793539,-1,-1,-1
46,-1,528.83167,174.40201,32.047363,34.630783,0.97706795,-1,-1,-1
46,-1,957.04694,156.21735,76.834045,43.070877,0.91980904,-1,-1,-1
46,-1,669.83136,170.69846,29.355896,33.806366,0.85924035,-1,-1,-1
46,-1,652.3547,170.34244,24.607483,29.76976,0.77727574,-1,-1,-1
46,-1,611.2214,165.96497,25.012878,22.439362,0.77108574,-1,-1,-1
46,-1,480.33423,158.1658,30.930878,29.325134,0.719211,-1,-1,-1
46,-1,513.9586,171.54369,16.730835,11.358719,0.6177674,-1,-1,-1
46,-1,573.7231,170.79446,24.788025,12.599121,0.56106615,-1,-1,-1
47,-1,545.69183,180.0623,63.02643,52.99301,0.99420327,-1,-1,-1
47,-1,166.53197,188.65254,128.01018,50.03311,0.9930547,-1,-1,-1
47,-1,367.1502,175.40054,93.265564,56.22177,0.98417836,-1,-1,-1
47,-1,526.70404,175.98369,30.147644,33.28322,0.97775817,-1,-1,-1
47,-1,969.07965,155.76971,123.593445,43.148987,0.976453,-1,-1,-1
47,-1,958.3116,164.93684,91.44977,37.122543,0.8231476,-1,-1,-1
47,-1,611.2938,166.34726,23.025574,22.656464,0.81390154,-1,-1,-1
47,-1,477.14853,157.93611,31.87799,30.832413,0.74948376,-1,-1,-1
47,-1,671.10974,168.23119,30.879517,31.4449,0.66870856,-1,-1,-1
48,-1,542.92303,179.90854,62.397156,53.10562,0.9948597,-1,-1,-1
48,-1,140.6747,192.16211,133.04619,50.027557,0.99152,-1,-1,-1
48,-1,973.83167,155.85062,133.24158,43.2352,0.9872388,-1,-1,-1
48,-1,524.24335,177.32466,31.583618,34.065445,0.98499066,-1,-1,-1
48,-1,365.67264,174.95206,99.145325,62.81195,0.9732626,-1,-1,-1
48,-1,1136.7433,149.84966,48.88965,60.28543,0.9611379,-1,-1,-1
48,-1,1109.9039,149.99564,46.71277,44.160416,0.96020573,-1,-1,-1
48,-1,475.73392,159.95639,32.576874,30.48677,0.8402491,-1,-1,-1
48,-1,665.5279,169.40366,37.341614,32.302597,0.78535056,-1,-1,-1
48,-1,962.23535,165.26436,99.22266,37.356003,0.7012755,-1,-1,-1
48,-1,606.3999,167.8679,26.266846,23.65213,0.53560704,-1,-1,-1
49,-1,540.64575,181.17386,61.61902,52.56949,0.9935133,-1,-1,-1
49,-1,358.28375,178.20839,100.10861,61.12613,0.98617804,-1,-1,-1
49,-1,107.01036,195.08,139.18443,56.18422,0.9854124,-1,-1,-1
49,-1,971.98254,156.43816,147.10632,42.96013,0.9842433,-1,-1,-1
49,-1,1156.43,148.98872,68.27307,64.59636,0.9770907,-1,-1,-1
49,-1,523.1655,180.11897,28.628723,31.828537,0.9644171,-1,-1,-1
49,-1,1124.415,146.87587,78.78052,46.654694,0.87082016,-1,-1,-1
49,-1,663.0493,171.99918,43.28473,29.983688,0.82228655,-1,-1,-1
49,-1,611.58997,169.29057,22.451538,21.341843,0.7410465,-1,-1,-1
49,-1,976.4392,164.4894,95.07483,43.50464,0.6297782,-1,-1,-1
49,-1,475.4405,161.84709,33.37332,29.501083,0.6051983,-1,-1,-1
49,-1,348.12094,196.60844,14.330353,21.237274,0.57935745,-1,-1,-1
50,-1,537.01843,181.6625,60.466064,52.05989,0.99700207,-1,-1,-1
50,-1,74.909065,201.17886,128.74841,56.727448,0.9927007,-1,-1,-1
50,-1,981.73975,156.1475,154.28784,48.021133,0.9922559,-1,-1,-1
50,-1,520.52606,181.34682,30.644653,31.20842,0.98895264,-1,-1,-1
50,-1,1172.7142,150.56784,52.19995,65.45384,0.9815925,-1,-1,-1
50,-1,352.46024,179.26556,103.23248,63.24881,0.9735337,-1,-1,-1
50,-1,1135.0969,148.13593,63.464233,47.42456,0.9508982,-1,-1,-1
50,-1,602.61707,170.37988,78.38489,40.902206,0.8970903,-1,-1,-1
50,-1,339.18423,198.14827,17.505798,22.543518,0.7922935,-1,-1,-1
50,-1,510.63867,176.48555,16.714905,10.926376,0.7294849,-1,-1,-1
50,-1,660.88873,172.32089,45.440735,30.082,0.71752554,-1,-1,-1
50,-1,475.65656,163.10686,29.559235,30.671875,0.55161786,-1,-1,-1
51,-1,534.3914,182.60089,59.73108,51.30609,0.9965299,-1,-1,-1
51,-1,19.43237,205.96542,114.890396,59.729797,0.99350655,-1,-1,-1
51,-1,990.21875,156.9749,156.08691,46.81378,0.98854584,-1,-1,-1
51,-1,519.4268,182.77159,27.692505,28.86087,0.98603684,-1,-1,-1
51,-1,1190.5994,154.15688,34.4834,64.272,0.98416346,-1,-1,-1
51,-1,343.32333,178.97243,106.59903,65.12073,0.9833504,-1,-1,-1
51,-1,1147.6302,148.16136,71.86438,49.4653,0.95680904,-1,-1,-1
51,-1,599.54785,170.15057,77.45795,41.39395,0.7920752,-1,-1,-1
51,-1,330.08896,188.8195,19.93631,34.058044,0.76367784,-1,-1,-1
51,-1,659.8681,173.44928,47.17108,32.855637,0.65636784,-1,-1,-1
51,-1,510.59177,176.63931,15.224152,10.810638,0.6414109,-1,-1,-1
51,-1,472.6242,164.4005,33.814545,29.790222,0.61899704,-1,-1,-1
52,-1,531.9075,183.85924,58.93817,48.99698,0.99744606,-1,-1,-1
52,-1,1038.2195,157.79883,119.58264,45.03328,0.9919848,-1,-1,-1
52,-1,339.3129,180.31282,104.731995,66.36194,0.9877078,-1,-1,-1
52,-1,315.12912,188.3835,30.541779,36.282303,0.9656214,-1,-1,-1
52,-1,1161.7828,151.63484,62.31909,48.72554,0.95692515,-1,-1,-1
52,-1,517.3986,182.98991,26.044556,28.475769,0.9535991,-1,-1,-1
52,-1,1207.0354,164.80116,18.9646,51.55345,0.9372005,-1,-1,-1
52,-1,471.17136,164.50325,31.549347,29.703445,0.70158166,-1,-1,-1
52,-1,599.75995,168.75201,78.520996,40.91536,0.66038305,-1,-1,-1
52,-1,659.06445,172.63387,51.602356,34.880768,0.63838255,-1,-1,-1
52,-1,571.03864,177.28276,27.652039,20.323471,0.58374447,-1,-1,-1
52,-1,600.45026,169.19257,34.30365,30.202667,0.58349055,-1,-1,-1
53,-1,530.4488,184.31975,57.08008,47.50952,0.9975473,-1,-1,-1
53,-1,336.912,182.5188,101.04996,65.44223,0.993628,-1,-1,-1
53,-1,1101.1427,156.31073,74.61023,45.678375,0.98520976,-1,-1,-1
53,-1,302.4622,188.51425,37.38794,38.987717,0.98253953,-1,-1,-1
53,-1,1174.421,148.48746,51.145386,49.359436,0.95146143,-1,-1,-1
53,-1,516.02765,184.32416,23.643677,26.573822,0.9404307,-1,-1,-1
53,-1,0.0,206.99486,137.45868,51.84709,0.84312785,-1,-1,-1
53,-1,666.60583,172.2804,45.266296,36.324097,0.73779684,-1,-1,-1
53,-1,570.0414,177.4071,24.481628,19.15416,0.6838724,-1,-1,-1
53,-1,596.6826,170.2112,82.468506,42.04625,0.650466,-1,-1,-1
53,-1,658.6362,175.05205,28.106445,35.938766,0.6201078,-1,-1,-1
53,-1,801.60065,166.64001,31.099854,24.012024,0.5826508,-1,-1,-1
53,-1,509.84094,176.08592,13.092224,10.7122345,0.5382976,-1,-1,-1
53,-1,470.2474,164.77126,34.191803,29.577026,0.5320465,-1,-1,-1
54,-1,526.78644,183.18571,58.172607,48.54933,0.99799585,-1,-1,-1
54,-1,0.8807822,211.47577,98.5925,67.49194,0.9930101,-1,-1,-1
54,-1,286.7921,189.73543,45.158142,41.6539,0.99243295,-1,-1,-1
54,-1,325.36725,183.32376,109.633484,67.84015,0.991931,-1,-1,-1
54,-1,436.16504,181.39114,18.027405,17.905365,0.9625244,-1,-1,-1
54,-1,514.33496,182.9032,26.729736,28.873367,0.93985564,-1,-1,-1
54,-1,599.57074,168.58783,67.69391,34.752716,0.822572,-1,-1,-1
54,-1,567.77094,177.40318,28.974121,21.41803,0.80533415,-1,-1,-1
54,-1,938.9654,181.32422,43.0849,29.937744,0.7240925,-1,-1,-1
54,-1,655.2721,173.66832,37.083008,36.286392,0.52992487,-1,-1,-1
54,-1,678.23834,173.39253,34.62854,34.974365,0.5197858,-1,-1,-1
55,-1,524.5012,183.79,54.514526,45.609894,0.99734193,-1,-1,-1
55,-1,269.72714,191.28305,52.648773,42.903687,0.99345523,-1,-1,-1
55,-1,317.46558,182.4954,110.92667,71.42326,0.9908903,-1,-1,-1
55,-1,0.52764726,223.86263,56.37185,59.857834,0.966867,-1,-1,-1
55,-1,429.0421,180.5948,22.665588,18.205612,0.959974,-1,-1,-1
55,-1,513.86053,182.1368,22.783875,27.07608,0.917738,-1,-1,-1
55,-1,566.6433,176.01222,28.473694,22.73413,0.86887974,-1,-1,-1
55,-1,598.5769,169.72864,33.46161,26.161194,0.7093161,-1,-1,-1
55,-1,1003.96857,168.69798,33.162537,28.29657,0.61586964,-1,-1,-1
55,-1,613.1508,170.02228,56.47235,42.024506,0.56311464,-1,-1,-1
55,-1,658.0414,172.85635,32.12903,36.103912,0.5286685,-1,-1,-1
56,-1,522.71484,184.29623,53.311646,45.163574,0.9964812,-1,-1,-1
56,-1,252.81131,193.80055,58.69098,45.23758,0.9938543,-1,-1,-1
56,-1,308.2996,180.79704,116.35925,77.971756,0.99086046,-1,-1,-1
56,-1,1046.1997,149.81049,102.97217,60.019623,0.9878955,-1,-1,-1
56,-1,565.99274,177.41641,28.10675,23.424988,0.8987162,-1,-1,-1
56,-1,430.77603,183.52579,19.474854,16.258942,0.8931337,-1,-1,-1
56,-1,421.02188,183.0446,21.826569,18.74504,0.8875648,-1,-1,-1
56,-1,656.90265,175.3735,34.5141,36.78296,0.8646752,-1,-1,-1
56,-1,512.1008,181.33702,24.731262,28.552002,0.73262244,-1,-1,-1
56,-1,415.78638,182.23457,13.480896,22.587646,0.70280427,-1,-1,-1
56,-1,609.2918,169.23839,25.97461,30.431229,0.60272866,-1,-1,-1
56,-1,664.0991,173.21696,51.7182,38.521805,0.5978208,-1,-1,-1
57,-1,520.5294,187.22905,51.79779,43.517334,0.99744546,-1,-1,-1
57,-1,1060.8472,155.71223,161.25232,61.82071,0.993057,-1,-1,-1
57,-1,230.18538,194.63246,69.63002,45.130295,0.98895735,-1,-1,-1
57,-1,405.52658,185.70053,19.582,19.807709,0.9703882,-1,-1,-1
57,-1,421.49588,183.38583,26.714783,18.163864,0.9604077,-1,-1,-1
57,-1,311.22626,180.81267,105.58533,82.35832,0.9560383,-1,-1,-1
57,-1,566.1466,178.92746,26.906616,21.280746,0.9378154,-1,-1,-1
57,-1,513.1379,183.87323,25.30365,28.385437,0.8718003,-1,-1,-1
57,-1,1160.9623,168.22945,64.8009,53.94664,0.71425325,-1,-1,-1
57,-1,659.4905,174.7611,55.76526,40.3114,0.5994519,-1,-1,-1
58,-1,1071.2573,156.53055,154.74268,64.33444,0.9971481,-1,-1,-1
58,-1,518.44653,188.71597,49.02771,41.356003,0.9971455,-1,-1,-1
58,-1,209.55696,196.16478,67.29848,48.848236,0.99429363,-1,-1,-1
58,-1,289.119,182.25484,121.76846,85.94658,0.9886572,-1,-1,-1
58,-1,396.7762,187.98593,25.998077,20.102325,0.97697645,-1,-1,-1
58,-1,420.8353,185.08691,26.829224,18.052338,0.9660451,-1,-1,-1
58,-1,565.47864,180.09409,28.406006,23.140686,0.92710465,-1,-1,-1
58,-1,393.31967,188.58755,15.21463,21.009628,0.6335727,-1,-1,-1
58,-1,1189.737,173.55392,35.873047,46.43788,0.6045811,-1,-1,-1
59,-1,514.7942,190.24721,50.098694,41.733566,0.9977362,-1,-1,-1
59,-1,1089.283,154.57777,135.18323,67.34563,0.99772066,-1,-1,-1
59,-1,186.19415,198.95453,95.44113,52.099274,0.9919525,-1,-1,-1
59,-1,280.18423,187.09836,126.43442,84.95413,0.98502904,-1,-1,-1
59,-1,397.8045,189.82864,23.108612,19.679657,0.96919525,-1,-1,-1
59,-1,425.12048,186.64638,22.507996,18.008102,0.96582687,-1,-1,-1
59,-1,564.50006,181.32295,31.605652,23.353363,0.92055064,-1,-1,-1
59,-1,415.27695,186.78993,25.759796,20.316238,0.8920073,-1,-1,-1
59,-1,380.9042,191.32135,24.272217,23.236374,0.8669583,-1,-1,-1
59,-1,404.3963,188.58449,28.360382,19.46231,0.5670624,-1,-1,-1
60,-1,512.0246,189.18306,49.75403,43.718323,0.99709964,-1,-1,-1
60,-1,1104.1445,152.48349,115.03247,68.06911,0.99523085,-1,-1,-1
60,-1,269.9682,183.21321,128.67993,92.70622,0.9894146,-1,-1,-1
60,-1,170.45277,202.52505,100.16841,52.258286,0.983313,-1,-1,-1
60,-1,395.72305,190.81918,25.288025,18.654007,0.98262274,-1,-1,-1
60,-1,420.70206,186.81493,25.00586,18.331192,0.9701496,-1,-1,-1
60,-1,565.1183,180.94675,31.167908,23.116486,0.95697004,-1,-1,-1
60,-1,373.19385,193.01778,32.27133,22.080124,0.94828296,-1,-1,-1
60,-1,600.1239,173.46931,40.088623,29.257523,0.78027755,-1,-1,-1
60,-1,158.55191,216.46078,31.809433,39.20555,0.6165489,-1,-1,-1
60,-1,413.74326,188.09445,23.357391,19.305405,0.60450065,-1,-1,-1
60,-1,553.249,187.11763,15.082581,16.495255,0.5336741,-1,-1,-1
61,-1,511.73233,185.00182,50.31613,44.439056,0.9976681,-1,-1,-1
61,-1,1124.508,144.33865,100.83728,73.30499,0.99718887,-1,-1,-1
61,-1,129.98705,202.85301,131.34831,56.253006,0.995274,-1,-1,-1
61,-1,396.41107,188.44719,24.207458,20.964539,0.9860249,-1,-1,-1
61,-1,567.2455,178.44754,28.6651,23.288925,0.9735901,-1,-1,-1
61,-1,260.06583,181.67206,134.05417,98.66788,0.9688468,-1,-1,-1
61,-1,418.0673,184.95648,27.524017,18.965622,0.9678808,-1,-1,-1
61,-1,370.3067,191.42345,32.388184,23.28331,0.9562628,-1,-1,-1
61,-1,600.6036,171.82236,39.62921,30.772812,0.5881062,-1,-1,-1
61,-1,671.55865,174.45996,63.10138,43.754242,0.55524504,-1,-1,-1
61,-1,406.2271,186.12991,33.178986,20.554443,0.52835566,-1,-1,-1
62,-1,512.55383,184.78262,49.13861,39.889038,0.99719656,-1,-1,-1
62,-1,92.01093,199.77634,154.35104,60.125275,0.99421555,-1,-1,-1
62,-1,1147.8257,147.06836,78.17432,70.33707,0.99295455,-1,-1,-1
62,-1,395.62,185.83238,25.054901,20.78061,0.9758731,-1,-1,-1
62,-1,569.55194,176.87244,26.868286,22.86737,0.9718337,-1,-1,-1
62,-1,295.0656,184.06885,88.94086,91.65878,0.96662974,-1,-1,-1
62,-1,418.44638,182.22522,26.838959,18.933609,0.95240057,-1,-1,-1
62,-1,372.93387,188.41649,29.953888,22.830475,0.91536397,-1,-1,-1
62,-1,602.88245,168.38188,41.208557,29.078903,0.8691336,-1,-1,-1
62,-1,365.13257,189.92444,26.470367,24.361893,0.6305176,-1,-1,-1
62,-1,511.9398,177.21152,19.802582,16.698639,0.5264715,-1,-1,-1
63,-1,512.0285,179.06433,47.925293,41.46956,0.997241,-1,-1,-1
63,-1,48.7044,197.34172,165.24689,64.47038,0.99356043,-1,-1,-1
63,-1,397.73627,182.84267,24.088806,19.487946,0.9850749,-1,-1,-1
63,-1,271.63794,179.2716,106.183624,98.78406,0.9805131,-1,-1,-1
63,-1,424.09805,178.6205,24.968658,18.634628,0.9682986,-1,-1,-1
63,-1,371.52023,185.2593,31.119354,21.884232,0.961424,-1,-1,-1
63,-1,570.9843,171.69707,28.472046,25.135803,0.9575196,-1,-1,-1
63,-1,351.37247,186.98383,35.632965,25.334839,0.8664538,-1,-1,-1
63,-1,606.17786,165.62894,42.010498,32.833557,0.7684757,-1,-1,-1
63,-1,1186.6459,139.66913,38.61267,63.89705,0.54180056,-1,-1,-1
63,-1,624.1686,165.44357,25.148743,28.046692,0.53908163,-1,-1,-1
64,-1,513.5164,182.13475,48.35016,39.08838,0.99731845,-1,-1,-1
64,-1,4.1726065,200.56642,170.26688,70.73912,0.9925955,-1,-1,-1
64,-1,249.26814,180.633,118.553116,104.37103,0.991117,-1,-1,-1
64,-1,398.4648,183.5578,23.67163,20.004105,0.98103034,-1,-1,-1
64,-1,346.79617,187.00958,39.15213,27.20404,0.9748243,-1,-1,-1
64,-1,373.36188,185.68411,28.661682,23.743652,0.97282684,-1,-1,-1
64,-1,573.6328,173.02586,29.062561,25.352127,0.9577658,-1,-1,-1
64,-1,420.03442,179.64732,28.247955,18.836197,0.9559801,-1,-1,-1
64,-1,1198.2471,154.18309,27.547363,70.011856,0.93990356,-1,-1,-1
64,-1,358.56827,185.70644,37.87738,26.117493,0.7233136,-1,-1,-1
64,-1,610.33673,164.71298,41.866272,31.502731,0.53252447,-1,-1,-1
64,-1,626.3181,165.14151,74.70642,32.03096,0.5012624,-1,-1,-1
65,-1,515.5884,181.56996,47.179077,39.50499,0.9982766,-1,-1,-1
65,-1,0.0,207.56319,117.89912,74.62138,0.99540097,-1,-1,-1
65,-1,215.9072,183.22252,145.80359,112.09636,0.9866172,-1,-1,-1
65,-1,375.74426,187.76231,29.073944,24.090088,0.9845276,-1,-1,-1
65,-1,340.73663,190.07193,48.236298,26.595764,0.9841861,-1,-1,-1
65,-1,398.31906,186.05363,26.558044,20.591034,0.97619677,-1,-1,-1
65,-1,576.3238,175.02031,33.55536,25.355377,0.96325815,-1,-1,-1
65,-1,430.50098,181.55333,22.614105,18.624084,0.9559712,-1,-1,-1
65,-1,418.79794,182.94221,26.238678,19.388336,0.911205,-1,-1,-1
65,-1,623.405,166.32108,67.30731,32.45984,0.88918656,-1,-1,-1
65,-1,687.4231,171.52936,76.00232,52.075012,0.707679,-1,-1,-1
65,-1,518.61896,176.83049,29.26764,17.22258,0.553028,-1,-1,-1
66,-1,518.728,182.28517,44.906555,40.18756,0.9979652,-1,-1,-1
66,-1,401.1866,188.14348,25.294128,22.209366,0.99349385,-1,-1,-1
66,-1,200.64983,188.07483,153.5403,115.93918,0.98394936,-1,-1,-1
66,-1,338.98593,193.29239,50.039734,26.9124,0.9830306,-1,-1,-1
66,-1,580.45593,177.54596,29.37384,23.43782,0.97538596,-1,-1,-1
66,-1,374.87207,191.01819,31.652374,22.725464,0.95845765,-1,-1,-1
66,-1,423.25043,185.04922,24.890808,19.569275,0.9431233,-1,-1,-1
66,-1,0.26337543,216.25084,48.91613,78.57713,0.9380173,-1,-1,-1
66,-1,431.08286,183.7999,23.80423,18.69339,0.92408407,-1,-1,-1
66,-1,616.91174,167.18979,80.834595,37.42273,0.83837295,-1,-1,-1
66,-1,553.9814,179.11157,18.440063,11.105331,0.778198,-1,-1,-1
66,-1,616.5693,168.72641,45.896362,30.498611,0.717341,-1,-1,-1
67,-1,521.10864,182.64479,43.59723,38.90645,0.99590886,-1,-1,-1
67,-1,337.5201,193.42995,56.86621,28.577957,0.9941942,-1,-1,-1
67,-1,403.31207,189.0926,25.520477,21.601349,0.9880165,-1,-1,-1
67,-1,188.53554,189.74855,156.15971,125.27574,0.9862364,-1,-1,-1
67,-1,424.06897,185.59344,27.622131,20.305634,0.97881144,-1,-1,-1
67,-1,584.1179,176.8081,31.251648,26.359802,0.97680503,-1,-1,-1
67,-1,438.27994,184.84787,19.4375,18.299545,0.95427644,-1,-1,-1
67,-1,626.01886,167.6264,78.05469,36.27095,0.91382974,-1,-1,-1
67,-1,379.1086,190.69655,30.249878,24.45111,0.8627832,-1,-1,-1
67,-1,560.8326,179.27283,15.90686,11.402618,0.83223784,-1,-1,-1
67,-1,574.0198,177.17218,13.193054,13.235916,0.7535117,-1,-1,-1
67,-1,703.4569,173.18684,76.76251,54.320053,0.51593256,-1,-1,-1
68,-1,339.74176,194.25299,53.80847,27.347061,0.9985247,-1,-1,-1
68,-1,523.0423,182.15054,44.15509,40.511856,0.99636865,-1,-1,-1
68,-1,0.8125929,217.16441,41.6964,78.66301,0.9902631,-1,-1,-1
68,-1,406.58304,189.0198,25.832214,21.417877,0.9881483,-1,-1,-1
68,-1,174.16702,190.04323,163.10324,129.80162,0.9836789,-1,-1,-1
68,-1,589.71124,177.99365,33.606995,25.750977,0.9706488,-1,-1,-1
68,-1,378.3924,192.1502,33.651855,22.180725,0.9566251,-1,-1,-1
68,-1,427.1794,185.69443,28.916443,20.645676,0.9507528,-1,-1,-1
68,-1,441.00784,185.14526,21.829102,19.099106,0.9218188,-1,-1,-1
68,-1,629.1207,167.43341,84.58966,38.59276,0.8580545,-1,-1,-1
68,-1,712.07153,174.7553,77.66547,56.889343,0.80514604,-1,-1,-1
68,-1,566.6017,177.72813,15.976501,13.588257,0.7865022,-1,-1,-1
68,-1,628.5704,170.43614,47.971313,34.221985,0.7486353,-1,-1,-1
69,-1,343.0176,194.01836,55.60959,28.235641,0.9987196,-1,-1,-1
69,-1,529.867,183.6774,43.49585,39.016388,0.9967321,-1,-1,-1
69,-1,412.9227,188.74432,24.588684,21.96666,0.985865,-1,-1,-1
69,-1,594.70087,178.08443,33.16278,26.979752,0.98096186,-1,-1,-1
69,-1,380.39944,190.96358,35.378113,24.316208,0.97517765,-1,-1,-1
69,-1,447.18915,185.29718,19.91809,18.523499,0.97238004,-1,-1,-1
69,-1,156.3606,187.02646,171.07852,142.37384,0.96985495,-1,-1,-1
69,-1,432.77368,185.89139,26.99884,19.87674,0.95891964,-1,-1,-1
69,-1,634.8453,169.78636,86.7547,38.695816,0.92532164,-1,-1,-1
69,-1,574.3999,178.1147,15.981995,13.91478,0.88414335,-1,-1,-1
69,-1,721.0102,175.91302,85.95038,57.574615,0.73118585,-1,-1,-1
70,-1,535.5322,182.68718,43.19275,39.458206,0.9971675,-1,-1,-1
70,-1,346.9026,192.80582,52.82492,28.846786,0.995924,-1,-1,-1
70,-1,416.95517,188.30463,26.113617,21.90622,0.9915754,-1,-1,-1
70,-1,387.4152,189.9187,32.934174,25.443634,0.9833287,-1,-1,-1
70,-1,146.43404,188.41377,172.58415,149.89415,0.9816741,-1,-1,-1
70,-1,601.62244,177.93483,31.711182,26.492874,0.98153263,-1,-1,-1
70,-1,438.27908,184.81859,26.215393,21.229004,0.9666468,-1,-1,-1
70,-1,452.95874,184.14496,19.615326,19.050568,0.9493897,-1,-1,-1
70,-1,645.47284,170.09789,89.2442,36.679596,0.9273625,-1,-1,-1
70,-1,580.5697,176.62865,16.481262,14.152435,0.86767274,-1,-1,-1
70,-1,732.6448,175.96202,91.80774,59.42134,0.5919815,-1,-1,-1
71,-1,542.4446,179.68419,43.353943,39.848785,0.99453825,-1,-1,-1
71,-1,419.90277,185.56502,28.285248,22.359116,0.99403065,-1,-1,-1
71,-1,350.22833,187.92328,57.62738,30.47374,0.993885,-1,-1,-1
71,-1,608.48627,176.03453,36.408203,27.40268,0.97670025,-1,-1,-1
71,-1,122.900764,187.32127,183.98703,158.62129,0.9732194,-1,-1,-1
71,-1,445.59674,181.50305,31.289368,20.49234,0.9697571,-1,-1,-1
71,-1,388.3691,187.28316,36.44873,25.288834,0.9695674,-1,-1,-1
71,-1,587.9581,175.74826,16.401428,13.62648,0.91226494,-1,-1,-1
71,-1,649.74646,168.55498,53.098206,43.854065,0.8389291,-1,-1,-1
71,-1,674.7376,168.52115,90.33362,37.347427,0.6699789,-1,-1,-1
72,-1,354.44922,182.8139,57.657074,31.003128,0.9967033,-1,-1,-1
72,-1,616.38983,173.1337,31.296082,25.696655,0.9911022,-1,-1,-1
72,-1,550.23083,176.44525,41.65094,37.5231,0.9875465,-1,-1,-1
72,-1,427.23544,180.30005,25.987091,22.649948,0.98351014,-1,-1,-1
72,-1,395.0567,182.78271,34.171936,25.181015,0.9745173,-1,-1,-1
72,-1,101.94528,176.78133,192.86423,175.74416,0.96394235,-1,-1,-1
72,-1,596.13434,173.01414,18.433655,13.467789,0.96311575,-1,-1,-1
72,-1,453.08224,177.1215,30.949005,20.355713,0.95697236,-1,-1,-1
72,-1,662.50574,164.03917,98.963684,42.364685,0.918818,-1,-1,-1
72,-1,657.84827,165.47665,54.52411,45.09059,0.6010703,-1,-1,-1
72,-1,760.9151,172.89317,96.233826,62.74768,0.5588696,-1,-1,-1
73,-1,357.89914,178.42834,56.247314,30.518631,0.99694437,-1,-1,-1
73,-1,431.22406,175.00162,27.230438,22.765808,0.9942697,-1,-1,-1
73,-1,402.10242,175.9877,32.629578,27.796173,0.98943734,-1,-1,-1
73,-1,557.7955,173.08417,40.80774,35.782593,0.98734087,-1,-1,-1
73,-1,623.0287,168.08583,34.67444,29.419418,0.98138463,-1,-1,-1
73,-1,63.80496,173.63774,208.74677,187.28499,0.972635,-1,-1,-1
73,-1,468.36188,172.25102,21.717957,18.871857,0.9578594,-1,-1,-1
73,-1,451.46066,172.58424,30.06314,21.411392,0.9243632,-1,-1,-1
73,-1,602.6297,169.6068,17.99884,12.675415,0.92040235,-1,-1,-1
73,-1,772.71814,169.48216,102.58356,68.41022,0.9022405,-1,-1,-1
73,-1,664.5467,162.21477,59.724976,48.87114,0.87981254,-1,-1,-1
73,-1,670.273,161.2006,106.130554,43.012238,0.81235945,-1,-1,-1
74,-1,358.83698,174.48193,60.01715,30.818329,0.99677235,-1,-1,-1
74,-1,433.6917,170.99207,29.228271,24.906998,0.99456054,-1,-1,-1
74,-1,405.75546,173.22185,33.515045,26.634415,0.99094313,-1,-1,-1
74,-1,564.706,170.88625,39.727234,34.419403,0.9876145,-1,-1,-1
74,-1,629.5472,166.98033,34.164062,27.109741,0.98741305,-1,-1,-1
74,-1,16.150856,172.31433,234.09668,193.94522,0.9638432,-1,-1,-1
74,-1,457.80457,168.63155,33.27957,22.180588,0.960442,-1,-1,-1
74,-1,675.77203,160.22604,115.804016,43.963303,0.85732275,-1,-1,-1
74,-1,787.5116,168.782,111.35132,69.604645,0.80706865,-1,-1,-1
74,-1,473.1983,168.87085,22.096863,19.257172,0.80521697,-1,-1,-1
74,-1,609.7592,165.14836,16.88739,13.557037,0.6775441,-1,-1,-1
74,-1,671.7984,159.75896,64.52612,38.163834,0.6630533,-1,-1,-1
74,-1,456.73563,168.91566,17.425201,21.9534,0.6051803,-1,-1,-1
75,-1,361.04147,172.13771,63.023224,32.852768,0.99617356,-1,-1,-1
75,-1,571.429,168.56311,40.94818,36.40822,0.9947044,-1,-1,-1
75,-1,439.01315,170.937,27.405762,23.605057,0.9945122,-1,-1,-1
75,-1,636.202,167.29616,33.35852,27.358414,0.9858855,-1,-1,-1
75,-1,410.1135,172.9413,33.182312,26.003357,0.9728095,-1,-1,-1
75,-1,0.0,166.98775,223.33528,200.64919,0.9250595,-1,-1,-1
75,-1,477.47366,168.36023,21.970917,19.663559,0.9059007,-1,-1,-1
75,-1,683.1731,160.23497,64.41107,49.70836,0.8867837,-1,-1,-1
75,-1,462.7137,169.0305,26.448944,21.062195,0.88399166,-1,-1,-1
75,-1,616.90265,163.70537,16.742493,14.971893,0.88247734,-1,-1,-1
75,-1,686.0104,159.137,122.230225,47.75612,0.84599346,-1,-1,-1
75,-1,803.72736,169.27782,112.21179,73.45918,0.65949076,-1,-1,-1
76,-1,362.14804,173.46402,65.57062,33.416428,0.99661213,-1,-1,-1
76,-1,442.19446,173.00737,31.001282,22.594772,0.9926386,-1,-1,-1
76,-1,578.9192,172.17119,38.358643,32.58226,0.99161154,-1,-1,-1
76,-1,413.33224,173.07379,32.783905,26.788513,0.9809037,-1,-1,-1
76,-1,642.6438,167.9318,32.949036,29.955719,0.9767135,-1,-1,-1
76,-1,479.9392,169.7584,23.337036,19.708694,0.96872187,-1,-1,-1
76,-1,466.27304,170.1574,29.550476,21.387207,0.9022766,-1,-1,-1
76,-1,691.28033,162.67142,126.7796,50.27095,0.8966215,-1,-1,-1
76,-1,820.1922,172.88165,117.966125,76.993515,0.87391776,-1,-1,-1
76,-1,1.3681573,170.11821,184.13817,187.72923,0.82289296,-1,-1,-1
76,-1,623.83026,168.53053,16.05426,12.715195,0.72165376,-1,-1,-1
76,-1,690.8221,160.82742,66.64459,48.856384,0.6883759,-1,-1,-1
76,-1,791.56586,167.60435,29.005737,38.301712,0.6409093,-1,-1,-1
77,-1,443.80954,174.27524,29.832123,24.008484,0.9969292,-1,-1,-1
77,-1,365.98868,175.60588,58.97934,33.945053,0.99650466,-1,-1,-1
77,-1,416.105,175.17174,33.46637,28.27739,0.9912049,-1,-1,-1
77,-1,648.97406,172.75769,31.690125,26.650925,0.978576,-1,-1,-1
77,-1,583.24066,173.44931,39.646057,33.829056,0.9619534,-1,-1,-1
77,-1,482.55768,172.08504,25.603882,20.656174,0.957477,-1,-1,-1
77,-1,468.74973,172.1785,31.969147,22.951355,0.953515,-1,-1,-1
77,-1,702.8184,163.33994,69.57788,56.67366,0.9100153,-1,-1,-1
77,-1,629.07825,170.98634,16.75116,13.222992,0.8994709,-1,-1,-1
77,-1,0.74049515,169.47807,159.98672,194.28947,0.84930557,-1,-1,-1
77,-1,698.0647,164.36119,140.17157,54.150375,0.8328667,-1,-1,-1
77,-1,675.2209,173.57762,23.314026,24.90857,0.5990148,-1,-1,-1
77,-1,748.8179,167.42477,87.30383,42.970688,0.5171435,-1,-1,-1
77,-1,620.1421,169.9473,12.278748,14.775803,0.50421,-1,-1,-1
78,-1,362.45966,177.499,64.137115,33.05403,0.9974832,-1,-1,-1
78,-1,447.5375,176.24129,29.602112,23.954391,0.9942432,-1,-1,-1
78,-1,651.74445,173.79893,34.67163,29.335098,0.9930494,-1,-1,-1
78,-1,418.13034,175.67792,33.233826,29.873505,0.98843443,-1,-1,-1
78,-1,588.9685,174.04066,37.7287,35.47322,0.98262274,-1,-1,-1
78,-1,478.80325,173.60681,33.09207,21.265778,0.9757673,-1,-1,-1
78,-1,634.2419,172.72302,17.4823,13.3975525,0.9293469,-1,-1,-1
78,-1,0.7949013,167.08293,108.05794,197.18251,0.866808,-1,-1,-1
78,-1,708.7723,167.92574,78.28436,54.10518,0.84006715,-1,-1,-1
78,-1,680.08655,173.35786,22.868408,24.503067,0.7322962,-1,-1,-1
78,-1,700.14575,168.42818,153.18762,49.986603,0.68660504,-1,-1,-1
78,-1,850.3431,177.80815,143.3125,88.37425,0.6657194,-1,-1,-1
79,-1,360.47256,177.52698,69.85562,35.00197,0.99548495,-1,-1,-1
79,-1,656.30096,173.77306,34.569336,30.386673,0.9936069,-1,-1,-1
79,-1,447.5315,177.10292,30.247711,24.277557,0.9933501,-1,-1,-1
79,-1,594.29803,176.01753,40.250854,31.893677,0.9894176,-1,-1,-1
79,-1,418.64316,175.48914,32.747406,30.128937,0.9843501,-1,-1,-1
79,-1,480.90262,173.5724,32.96982,21.383331,0.9787663,-1,-1,-1
79,-1,638.666,172.63673,14.857788,13.231537,0.93576187,-1,-1,-1
79,-1,717.6787,165.96674,77.82904,60.522568,0.92337066,-1,-1,-1
79,-1,0.0,174.53242,55.08322,194.81508,0.8664157,-1,-1,-1
79,-1,715.55176,167.42801,152.86792,54.638977,0.7762939,-1,-1,-1
79,-1,832.3918,172.88126,38.65326,41.200592,0.7106061,-1,-1,-1
79,-1,680.8374,169.66446,26.344421,27.04805,0.6588829,-1,-1,-1
79,-1,869.1555,177.83344,149.19122,91.67285,0.511904,-1,-1,-1
80,-1,358.95053,177.18228,71.92575,36.151688,0.9962837,-1,-1,-1
80,-1,446.74207,176.78336,31.288757,25.026321,0.99440455,-1,-1,-1
80,-1,659.8919,173.33583,36.041016,30.69371,0.992374,-1,-1,-1
80,-1,485.01328,173.32835,31.141693,21.807983,0.9822886,-1,-1,-1
80,-1,416.21616,176.14397,33.767914,31.278046,0.9727989,-1,-1,-1
80,-1,597.5628,174.76582,35.1532,33.584976,0.9365137,-1,-1,-1
80,-1,713.1588,167.31012,179.72986,55.93268,0.92223805,-1,-1,-1
80,-1,642.08673,171.8177,15.590759,13.589035,0.80278575,-1,-1,-1
80,-1,474.2293,174.13002,29.682037,22.35167,0.77035767,-1,-1,-1
80,-1,846.6924,172.5113,46.1662,46.745346,0.7100576,-1,-1,-1
80,-1,723.1402,167.23463,93.12726,59.942413,0.6461757,-1,-1,-1
80,-1,688.16644,170.8243,24.359375,26.348648,0.5415468,-1,-1,-1
80,-1,629.8454,170.51129,14.72583,16.325531,0.54099363,-1,-1,-1
80,-1,592.69684,170.93356,15.58252,12.252457,0.5335414,-1,-1,-1
81,-1,356.56522,178.02438,72.94058,36.4066,0.9973266,-1,-1,-1
81,-1,445.67392,177.1201,32.395752,25.458908,0.99450654,-1,-1,-1
81,-1,664.3594,174.45065,36.730835,32.043076,0.99254555,-1,-1,-1
81,-1,416.05267,177.50261,35.49997,29.967758,0.99142843,-1,-1,-1
81,-1,601.7018,174.8108,38.484375,34.007233,0.98539144,-1,-1,-1
81,-1,487.30066,173.59532,29.681274,21.903717,0.9824504,-1,-1,-1
81,-1,726.53937,167.31989,185.40198,58.609207,0.94631284,-1,-1,-1
81,-1,731.08374,165.92706,90.47809,65.42053,0.92734706,-1,-1,-1
81,-1,865.0661,172.44812,50.204834,47.768112,0.89300615,-1,-1,-1
81,-1,473.5514,173.24834,28.949738,24.070908,0.8927839,-1,-1,-1
81,-1,645.5207,171.71179,16.061157,14.02478,0.8344454,-1,-1,-1
81,-1,595.005,170.75954,15.353455,11.579956,0.7462871,-1,-1,-1
81,-1,693.07416,173.92062,26.014954,23.041733,0.71658546,-1,-1,-1
81,-1,635.353,171.18077,13.375366,15.23288,0.55110747,-1,-1,-1
81,-1,712.22626,170.00792,33.230408,33.60388,0.51616764,-1,-1,-1
82,-1,354.42374,180.32436,71.83853,37.53131,0.99665976,-1,-1,-1
82,-1,413.80597,180.49046,37.441162,30.009552,0.99350834,-1,-1,-1
82,-1,446.96213,177.89406,32.68219,27.822464,0.98934245,-1,-1,-1
82,-1,668.07947,176.39749,40.980713,32.056656,0.98174953,-1,-1,-1
82,-1,483.161,175.8184,34.961548,22.823364,0.98047787,-1,-1,-1
82,-1,606.0066,174.81638,38.0224,33.43364,0.9627278,-1,-1,-1
82,-1,739.3554,167.53404,182.7013,66.33615,0.94856733,-1,-1,-1
82,-1,880.6696,176.48784,59.21582,46.35768,0.9436466,-1,-1,-1
82,-1,650.3036,171.63956,14.491028,14.586319,0.82991713,-1,-1,-1
82,-1,476.64023,176.42993,24.978546,22.933975,0.7406045,-1,-1,-1
82,-1,594.80835,173.09106,14.990173,11.478439,0.68062335,-1,-1,-1
82,-1,719.21576,172.63086,33.92694,37.524643,0.68023384,-1,-1,-1
82,-1,637.878,172.24278,12.658813,13.275391,0.55280554,-1,-1,-1
82,-1,696.18066,174.5605,26.142273,23.595215,0.50200135,-1,-1,-1
83,-1,350.50012,182.809,76.0665,38.42247,0.99588203,-1,-1,-1
83,-1,447.17636,180.27513,31.883087,26.765472,0.9951174,-1,-1,-1
83,-1,411.55093,182.44066,40.543915,30.66806,0.9910925,-1,-1,-1
83,-1,610.8629,178.70073,36.102966,31.602585,0.98544264,-1,-1,-1
83,-1,673.0456,178.59619,40.31659,31.653442,0.9828593,-1,-1,-1
83,-1,901.832,182.8229,67.268005,44.130722,0.9741967,-1,-1,-1
83,-1,481.54446,177.3218,35.69937,24.761765,0.96530604,-1,-1,-1
83,-1,752.20544,167.75352,113.95233,76.07588,0.96284854,-1,-1,-1
83,-1,653.2692,174.3144,14.113342,14.004547,0.82457936,-1,-1,-1
83,-1,496.53836,176.70178,22.907135,23.252579,0.8100724,-1,-1,-1
83,-1,597.83356,176.10014,16.182312,10.22612,0.8051661,-1,-1,-1
83,-1,724.15436,174.80222,37.564453,35.811554,0.76506823,-1,-1,-1
83,-1,475.01437,177.98592,28.41864,24.734756,0.7072508,-1,-1,-1
83,-1,595.79785,176.93457,11.841492,10.341919,0.6528342,-1,-1,-1
83,-1,641.092,176.68921,11.599426,12.850967,0.5596155,-1,-1,-1
84,-1,348.4152,185.60947,72.25128,37.93448,0.9964498,-1,-1,-1
84,-1,445.62744,181.79102,33.156433,27.586609,0.99306524,-1,-1,-1
84,-1,675.36865,180.73993,40.951294,32.36827,0.98750895,-1,-1,-1
84,-1,407.66037,184.22192,43.356018,32.76677,0.98431003,-1,-1,-1
84,-1,615.94904,180.6707,34.952576,30.372498,0.9783076,-1,-1,-1
84,-1,479.5173,178.80797,41.461823,24.658371,0.9688402,-1,-1,-1
84,-1,762.1725,171.463,121.77014,76.11862,0.9558775,-1,-1,-1
84,-1,922.76086,182.00049,81.546936,55.55635,0.91104174,-1,-1,-1
84,-1,760.5424,170.64857,235.18732,73.41992,0.8953484,-1,-1,-1
84,-1,601.28613,175.72556,17.927002,12.535904,0.88113123,-1,-1,-1
84,-1,730.444,180.76625,28.992188,31.748749,0.80061716,-1,-1,-1
84,-1,655.69086,177.22467,15.6918335,13.326584,0.5928638,-1,-1,-1
84,-1,753.4841,172.09177,34.26947,50.705658,0.5308519,-1,-1,-1
