0,-1,559.3548,127.65933,83.01361,86.8432,0.5892272,-1,-1,-1
1,-1,559.9925,128.12125,81.32068,87.06149,0.5739931,-1,-1,-1
2,-1,561.2304,130.6636,81.440186,84.98865,0.6802603,-1,-1,-1
3,-1,562.3239,131.60213,80.415955,85.71335,0.78073686,-1,-1,-1
4,-1,562.0778,132.44089,80.62048,84.551056,0.8162158,-1,-1,-1
5,-1,561.67554,132.97652,77.08771,84.97084,0.7736909,-1,-1,-1
5,-1,515.7399,166.6968,45.32245,41.23752,0.50241655,-1,-1,-1
6,-1,562.97705,131.46751,78.05438,85.50078,0.82802683,-1,-1,-1
7,-1,562.8079,132.11421,77.963196,83.30025,0.8338652,-1,-1,-1
8,-1,563.02246,131.07834,78.10834,84.43631,0.8646701,-1,-1,-1
8,-1,509.56158,165.55614,51.374817,45.000824,0.60920954,-1,-1,-1
9,-1,562.79803,130.44902,78.84271,84.951675,0.8334937,-1,-1,-1
10,-1,563.7533,128.82964,78.91876,86.93974,0.80857825,-1,-1,-1
11,-1,504.0928,163.2223,56.297943,48.216003,0.55770934,-1,-1,-1
11,-1,564.0964,128.2398,77.297424,83.16708,0.53525186,-1,-1,-1
12,-1,565.5166,128.5041,76.58539,83.35495,0.56881297,-1,-1,-1
14,-1,567.84106,129.77718,78.41022,85.565216,0.55450666,-1,-1,-1
15,-1,568.58545,127.976,76.03436,87.320526,0.52056,-1,-1,-1
17,-1,568.95795,132.74554,77.41699,84.27861,0.59888744,-1,-1,-1
17,-1,487.98624,166.56508,65.2999,58.1929,0.55430406,-1,-1,-1
18,-1,483.34317,167.13576,69.316925,60.16057,0.65261173,-1,-1,-1
18,-1,569.7761,134.92018,77.65497,81.49788,0.637418,-1,-1,-1
19,-1,481.38113,166.87692,71.48392,62.608643,0.61709225,-1,-1,-1
19,-1,570.6684,134.85808,80.38513,86.11995,0.6066298,-1,-1,-1
21,-1,471.29715,167.52989,77.420135,66.84607,0.53276354,-1,-1,-1
22,-1,465.0057,166.13109,81.22916,69.39996,0.63002664,-1,-1,-1
23,-1,572.6325,134.22664,78.226685,84.811615,0.61006296,-1,-1,-1
24,-1,572.3212,132.00816,77.90234,86.07196,0.66929567,-1,-1,-1
26,-1,571.2365,130.79626,78.791016,85.1165,0.6055546,-1,-1,-1
27,-1,570.10175,129.70079,79.19318,85.26375,0.5598287,-1,-1,-1
28,-1,408.81177,159.25291,111.44324,99.93483,0.59253675,-1,-1,-1
29,-1,570.7583,130.21877,78.38367,90.28125,0.5852856,-1,-1,-1
31,-1,571.47833,129.4057,78.106445,84.85672,0.5907074,-1,-1,-1
32,-1,570.26416,131.20444,79.86505,84.33792,0.67448825,-1,-1,-1
33,-1,571.6294,131.65123,79.126465,83.45726,0.69122607,-1,-1,-1
34,-1,573.22375,129.49684,78.364685,83.9601,0.5639568,-1,-1,-1
35,-1,572.5601,128.74783,79.71448,82.53244,0.5972209,-1,-1,-1
36,-1,573.3091,128.74323,79.776184,82.82602,0.50598764,-1,-1,-1
39,-1,576.79474,131.03157,81.54669,80.483475,0.5357303,-1,-1,-1
61,-1,638.077,136.74902,88.188965,76.46205,0.65811354,-1,-1,-1
62,-1,641.61053,136.0411,79.97455,73.66374,0.774281,-1,-1,-1
63,-1,645.32465,137.4521,74.74402,73.88956,0.7767039,-1,-1,-1
64,-1,648.1017,134.24074,80.95105,78.019196,0.937438,-1,-1,-1
65,-1,651.26556,134.09679,72.895996,77.02333,0.8519117,-1,-1,-1
66,-1,654.0505,132.56949,78.3996,77.76924,0.8132934,-1,-1,-1
67,-1,656.9814,134.28366,87.43109,72.95415,0.7368245,-1,-1,-1
68,-1,658.544,134.75949,88.39093,72.72499,0.74628055,-1,-1,-1
69,-1,661.3492,132.83966,86.4834,75.00308,0.8221827,-1,-1,-1
70,-1,665.7629,132.27283,86.209656,75.55089,0.71450716,-1,-1,-1
71,-1,666.20123,133.64964,79.57312,75.36931,0.93556875,-1,-1,-1
72,-1,667.38715,133.79361,75.75079,75.240036,0.9095015,-1,-1,-1
73,-1,667.6867,135.50778,79.10907,75.17441,0.9008689,-1,-1,-1
74,-1,670.1137,136.87048,69.96271,73.81444,0.8179316,-1,-1,-1
75,-1,669.68665,137.50581,75.9635,72.4238,0.8893586,-1,-1,-1
76,-1,670.9184,137.35583,78.24042,72.95438,0.87162536,-1,-1,-1
77,-1,670.9128,137.4046,78.46716,73.436035,0.8827408,-1,-1,-1
78,-1,671.30524,137.97383,81.54486,72.98534,0.9297854,-1,-1,-1
79,-1,671.11017,138.05959,81.06073,72.476105,0.9120541,-1,-1,-1
80,-1,670.0256,139.47722,78.082825,70.65874,0.8869258,-1,-1,-1
81,-1,670.2339,138.59369,80.94501,71.37155,0.91425884,-1,-1,-1
82,-1,669.6234,139.87415,78.47565,71.44075,0.9540139,-1,-1,-1
83,-1,669.35126,140.54492,79.36511,71.48125,0.9374063,-1,-1,-1
84,-1,667.99994,141.73903,81.89929,69.71744,0.9331032,-1,-1,-1
85,-1,668.3591,141.77133,78.755005,70.546616,0.8764466,-1,-1,-1
86,-1,667.6831,143.6827,78.48688,68.29753,0.76739806,-1,-1,-1
87,-1,665.4942,141.2009,74.28223,70.30267,0.88993716,-1,-1,-1
88,-1,665.3248,143.24492,71.69263,68.76973,0.88060784,-1,-1,-1
89,-1,663.97345,140.5124,73.568665,71.58089,0.90340734,-1,-1,-1
90,-1,662.73083,139.82008,76.92639,72.17145,0.92287916,-1,-1,-1
91,-1,661.3064,142.29474,72.790955,70.35089,0.92712957,-1,-1,-1
92,-1,660.0797,144.43582,70.365295,68.08801,0.84362876,-1,-1,-1
93,-1,659.69446,145.37997,66.192505,66.80661,0.93620735,-1,-1,-1
94,-1,657.9481,146.56712,64.87671,68.579346,0.8782725,-1,-1,-1
95,-1,657.6722,150.47792,63.26367,67.99211,0.83032167,-1,-1,-1
96,-1,655.58563,151.65457,66.817566,65.8613,0.9272665,-1,-1,-1
97,-1,655.91705,150.39267,62.797485,66.11815,0.8777361,-1,-1,-1
98,-1,654.2553,149.34523,66.475586,64.899994,0.71147877,-1,-1,-1
99,-1,652.2251,148.17538,63.390076,65.74048,0.62750053,-1,-1,-1
100,-1,651.16724,146.16707,68.14996,67.72266,0.5448606,-1,-1,-1
108,-1,639.31683,136.38734,65.03119,66.68199,0.7911543,-1,-1,-1
109,-1,638.292,135.50212,62.057617,66.54808,0.68954647,-1,-1,-1
111,-1,638.3313,132.08228,62.52942,68.52347,0.6187506,-1,-1,-1
112,-1,638.7014,132.07016,59.527344,66.19716,0.6742735,-1,-1,-1
113,-1,637.49646,132.41145,60.510254,69.376205,0.700498,-1,-1,-1
114,-1,637.8426,133.32271,58.279114,62.80362,0.7539859,-1,-1,-1
115,-1,636.5248,131.55658,60.602722,69.906845,0.70202136,-1,-1,-1
118,-1,633.7183,133.79993,63.60083,67.53374,0.57598174,-1,-1,-1
123,-1,631.5961,131.95769,60.3067,66.931885,0.6689509,-1,-1,-1
124,-1,630.28894,132.12817,61.581238,65.38658,0.6855874,-1,-1,-1
125,-1,627.94434,132.8407,63.124023,67.888245,0.8408941,-1,-1,-1
126,-1,627.5018,131.59622,61.510742,68.08385,0.75189203,-1,-1,-1
127,-1,626.16974,131.30992,60.8291,66.897644,0.8556231,-1,-1,-1
128,-1,624.7105,130.58957,61.8385,70.04048,0.8591402,-1,-1,-1
129,-1,625.04156,129.41731,60.92743,73.34645,0.927641,-1,-1,-1
130,-1,623.6308,128.66066,61.77368,73.45653,0.91294116,-1,-1,-1
131,-1,622.6694,128.79971,62.727478,72.819916,0.9418811,-1,-1,-1
132,-1,621.51056,128.72797,60.292114,71.92494,0.9690739,-1,-1,-1
133,-1,619.14795,129.00777,61.755005,69.93523,0.9650835,-1,-1,-1
134,-1,617.97986,129.10332,61.73297,70.435394,0.951918,-1,-1,-1
135,-1,616.51764,129.1279,62.098267,69.68457,0.9516884,-1,-1,-1
136,-1,615.3678,129.2739,61.835205,68.94325,0.9631904,-1,-1,-1
137,-1,614.5863,128.2179,61.079407,72.48137,0.94244736,-1,-1,-1
138,-1,613.0241,128.80943,62.138123,73.63568,0.96663773,-1,-1,-1
139,-1,611.61676,129.755,63.620605,73.886246,0.96475583,-1,-1,-1
140,-1,609.5794,129.86823,65.511536,74.811844,0.97480595,-1,-1,-1
141,-1,608.5138,129.99933,64.241516,74.75484,0.9593007,-1,-1,-1
142,-1,606.3364,130.06073,66.80084,73.376755,0.95649135,-1,-1,-1
143,-1,605.88416,129.25392,63.00946,76.71782,0.97250235,-1,-1,-1
144,-1,602.97095,129.5772,65.61957,74.747925,0.9723833,-1,-1,-1
145,-1,601.31757,129.17487,65.08972,73.788925,0.95737886,-1,-1,-1
146,-1,600.37524,129.04546,65.37097,75.02559,0.940065,-1,-1,-1
147,-1,597.829,129.85724,67.64636,76.09177,0.9578582,-1,-1,-1
148,-1,597.16534,129.88637,67.20001,74.08296,0.9171125,-1,-1,-1
149,-1,595.3285,129.8983,66.13922,74.55191,0.92955077,-1,-1,-1
150,-1,593.3784,129.20563,67.16522,76.50487,0.911569,-1,-1,-1
151,-1,591.5697,129.37357,67.75952,77.74071,0.93036395,-1,-1,-1
152,-1,589.4203,129.40874,69.164,75.85422,0.9256329,-1,-1,-1
153,-1,589.3285,129.51057,67.70911,78.49696,0.9406876,-1,-1,-1
154,-1,586.40814,130.62631,69.78406,78.84932,0.9594188,-1,-1,-1
155,-1,584.4814,129.49907,69.19171,79.01102,0.86630243,-1,-1,-1
156,-1,581.49615,129.77518,70.94714,80.51152,0.89292383,-1,-1,-1
157,-1,580.38416,128.68405,71.64465,81.76422,0.8716016,-1,-1,-1
158,-1,579.1595,129.38937,71.36621,79.37988,0.6606825,-1,-1,-1
159,-1,575.2164,128.1193,73.5072,84.232635,0.80308294,-1,-1,-1
160,-1,571.4096,128.08241,75.07538,84.70297,0.5440427,-1,-1,-1
171,-1,549.7776,126.4611,81.89685,92.57838,0.59194976,-1,-1,-1
172,-1,547.34094,126.06583,81.32654,97.09758,0.50216126,-1,-1,-1
173,-1,546.2671,127.790764,84.03894,96.40835,0.6454956,-1,-1,-1
174,-1,544.2685,128.2354,84.757324,97.27597,0.6250848,-1,-1,-1
175,-1,543.5387,127.8989,82.180115,98.97584,0.58303756,-1,-1,-1
179,-1,536.6152,127.8804,87.38269,102.03905,0.60870516,-1,-1,-1
