0,-1,643.13464,186.40431,56.895325,46.798904,0.99592847,-1,-1,-1
0,-1,856.8415,183.80424,33.361694,17.139938,0.9393094,-1,-1,-1
0,-1,1039.2971,185.46771,14.70459,8.120987,0.56415963,-1,-1,-1
1,-1,645.9528,186.34366,57.436584,47.50502,0.9948736,-1,-1,-1
1,-1,1036.1871,184.8934,15.794678,7.9727783,0.8478809,-1,-1,-1
1,-1,870.9036,182.7678,40.904053,18.42183,0.83399194,-1,-1,-1
1,-1,1137.7008,179.27463,19.33252,11.149216,0.81998044,-1,-1,-1
2,-1,649.2781,185.8844,60.792175,48.448166,0.9939809,-1,-1,-1
2,-1,1134.5199,178.39154,20.418213,12.090286,0.86484385,-1,-1,-1
2,-1,884.1705,181.81961,35.713074,18.761597,0.84792024,-1,-1,-1
2,-1,1100.7859,180.27037,19.457886,10.416367,0.8079556,-1,-1,-1
2,-1,1031.1919,184.06761,18.40149,8.734863,0.7965403,-1,-1,-1
3,-1,653.30676,185.72847,60.922302,48.148163,0.9960306,-1,-1,-1
3,-1,901.3155,181.99025,30.915527,17.234207,0.9176694,-1,-1,-1
3,-1,1100.9648,178.52014,14.930908,8.812149,0.616353,-1,-1,-1
4,-1,656.4985,185.16965,62.439392,48.532455,0.996342,-1,-1,-1
4,-1,909.1488,178.74007,36.349854,18.335358,0.9718875,-1,-1,-1
4,-1,1126.0201,175.0621,22.206055,12.579117,0.8433096,-1,-1,-1
4,-1,1021.5342,181.32848,14.400024,8.748383,0.60597193,-1,-1,-1
4,-1,1185.2566,173.66791,14.661743,14.917862,0.59180176,-1,-1,-1
4,-1,1095.4169,177.05814,16.270264,8.320618,0.53934336,-1,-1,-1
5,-1,657.8781,182.96092,62.231384,49.75421,0.98850363,-1,-1,-1
5,-1,920.4288,176.15549,37.3479,19.479233,0.92746294,-1,-1,-1
5,-1,1124.9431,171.40778,19.80664,12.033905,0.91419023,-1,-1,-1
5,-1,1013.914,178.87883,17.692688,9.155502,0.51589125,-1,-1,-1
6,-1,661.41675,181.52663,62.930664,51.23047,0.9929455,-1,-1,-1
6,-1,935.0487,174.54785,31.815979,18.664825,0.941458,-1,-1,-1
6,-1,1115.134,169.68959,22.262817,11.471878,0.78305346,-1,-1,-1
6,-1,1007.17566,177.59325,15.028076,8.141724,0.58771986,-1,-1,-1
7,-1,662.8195,181.15385,66.128845,51.587906,0.99504614,-1,-1,-1
7,-1,957.0765,174.37529,18.314636,17.118057,0.8804564,-1,-1,-1
7,-1,999.35864,175.98633,15.981201,9.077194,0.8151694,-1,-1,-1
7,-1,1110.4534,167.67648,19.617798,12.901245,0.76337814,-1,-1,-1
7,-1,1074.9446,170.3786,19.56543,10.650009,0.603375,-1,-1,-1
8,-1,665.7114,183.38063,66.031006,49.689728,0.99573946,-1,-1,-1
8,-1,989.95557,176.62283,16.652893,9.0490265,0.86431694,-1,-1,-1
8,-1,1103.0558,168.40813,20.823853,11.452774,0.8601677,-1,-1,-1
8,-1,1065.5332,170.31609,21.618896,10.730179,0.78130597,-1,-1,-1
8,-1,950.1566,171.99295,13.156677,20.820816,0.5182972,-1,-1,-1
8,-1,1229.87,163.64233,11.585449,8.482254,0.51828873,-1,-1,-1
9,-1,667.50946,181.9333,67.84326,52.231094,0.9957712,-1,-1,-1
9,-1,1094.5071,167.47894,22.639648,12.200684,0.85408366,-1,-1,-1
9,-1,958.4242,173.41505,27.41742,18.111328,0.8115445,-1,-1,-1
9,-1,1065.722,169.88214,13.834473,9.512268,0.5429307,-1,-1,-1
10,-1,669.53625,180.70132,68.541626,53.32141,0.9946936,-1,-1,-1
10,-1,963.9884,171.26215,34.199097,20.545166,0.8855687,-1,-1,-1
10,-1,1089.1757,167.36702,19.567139,11.844162,0.69485486,-1,-1,-1
10,-1,1058.4039,168.93765,12.976929,8.931854,0.6749564,-1,-1,-1
11,-1,671.1362,180.71165,70.85547,53.43039,0.98739177,-1,-1,-1
11,-1,968.6515,170.84366,36.891052,18.698792,0.9655672,-1,-1,-1
11,-1,1085.7104,166.35538,15.350464,11.685333,0.6900289,-1,-1,-1
12,-1,672.66235,179.51207,73.70984,54.800293,0.99344915,-1,-1,-1
12,-1,980.2307,169.85945,30.022217,18.340286,0.9342118,-1,-1,-1
12,-1,952.1598,173.08405,16.32257,9.466827,0.84520864,-1,-1,-1
12,-1,1073.0298,164.34396,20.129028,12.323639,0.82035226,-1,-1,-1
13,-1,674.9303,178.96233,75.105774,55.199554,0.9964294,-1,-1,-1
13,-1,985.6604,167.40141,29.683289,18.895905,0.91513133,-1,-1,-1
13,-1,1063.5312,163.75829,22.740845,12.298843,0.8807386,-1,-1,-1
13,-1,943.3966,172.6304,16.186646,9.569397,0.81409854,-1,-1,-1
14,-1,677.07794,179.35928,77.3949,55.26004,0.99214923,-1,-1,-1
14,-1,990.7211,167.54321,29.551147,17.461182,0.8823826,-1,-1,-1
14,-1,1053.9998,163.72122,23.50354,11.512527,0.8676243,-1,-1,-1
14,-1,1019.8676,166.07532,17.121033,10.806839,0.61805564,-1,-1,-1
14,-1,1151.472,160.62643,18.528809,14.041367,0.5238847,-1,-1,-1
15,-1,681.15753,178.04486,75.26404,57.9153,0.995275,-1,-1,-1
15,-1,1048.1332,162.90042,21.92981,12.551559,0.8119406,-1,-1,-1
15,-1,994.91187,165.63159,31.936035,18.641113,0.6402834,-1,-1,-1
15,-1,1149.8678,157.80132,23.478638,15.542419,0.534975,-1,-1,-1
16,-1,683.4047,177.82263,78.683655,57.92993,0.98448724,-1,-1,-1
16,-1,998.70215,164.90591,31.960327,17.998688,0.91533643,-1,-1,-1
16,-1,1045.4021,161.39474,15.794434,12.559784,0.80097115,-1,-1,-1
17,-1,686.84235,177.2348,77.8985,57.06929,0.98576725,-1,-1,-1
17,-1,893.3606,169.15916,24.16742,12.589386,0.80776656,-1,-1,-1
18,-1,690.2513,177.29506,80.15137,59.764694,0.99164283,-1,-1,-1
18,-1,0.01951477,199.00171,46.73701,32.76477,0.9751999,-1,-1,-1
18,-1,873.9915,170.09752,32.659912,12.811859,0.82189435,-1,-1,-1
18,-1,1007.10016,164.841,28.765442,17.230408,0.62925106,-1,-1,-1
19,-1,692.15265,178.27467,82.07953,59.481796,0.9926732,-1,-1,-1
19,-1,0.0,184.78314,102.78461,47.455795,0.9902732,-1,-1,-1
19,-1,1011.64667,161.35352,24.788757,19.978592,0.89877367,-1,-1,-1
19,-1,863.1433,172.23984,29.500427,12.467636,0.8596648,-1,-1,-1
20,-1,695.4171,177.89294,80.35742,61.684937,0.9958482,-1,-1,-1
20,-1,1.3415556,186.80128,155.88228,48.493774,0.9745088,-1,-1,-1
20,-1,860.79913,172.22934,20.115051,12.466095,0.88607055,-1,-1,-1
20,-1,1107.051,155.5616,24.70044,12.037445,0.77512264,-1,-1,-1
20,-1,1074.9025,159.31479,22.628052,11.280014,0.62912744,-1,-1,-1
20,-1,1002.6389,162.87141,10.655151,10.003418,0.51297957,-1,-1,-1
21,-1,697.37994,178.557,82.171265,60.968002,0.9947292,-1,-1,-1
21,-1,47.381676,184.30678,163.33896,48.481705,0.9761595,-1,-1,-1
21,-1,992.4133,161.92102,21.177124,14.84256,0.9198145,-1,-1,-1
21,-1,846.74884,172.35707,20.174072,12.989624,0.9081057,-1,-1,-1
21,-1,1011.64136,164.01457,19.63501,16.81305,0.858355,-1,-1,-1
21,-1,1101.6416,156.40611,23.213745,11.116806,0.5614539,-1,-1,-1
21,-1,1052.2206,169.61722,23.990356,10.440964,0.5028059,-1,-1,-1
22,-1,700.05426,178.24529,84.198425,61.204315,0.99360025,-1,-1,-1
22,-1,106.10573,181.94368,152.8206,50.662567,0.99014485,-1,-1,-1
22,-1,984.3653,161.27267,20.727417,13.250092,0.82569915,-1,-1,-1
22,-1,936.23486,165.23306,20.483948,13.418701,0.74963087,-1,-1,-1
22,-1,829.45624,171.90381,17.682678,13.880722,0.7080286,-1,-1,-1
22,-1,1010.23035,162.77196,24.37146,17.094147,0.6836221,-1,-1,-1
23,-1,702.1213,178.09407,85.41144,61.500122,0.9970932,-1,-1,-1
23,-1,163.09843,182.09077,148.6446,48.475006,0.99399877,-1,-1,-1
23,-1,815.08075,172.44269,22.285156,14.77652,0.94373834,-1,-1,-1
23,-1,1009.0015,162.45964,20.758118,16.996506,0.8414923,-1,-1,-1
23,-1,930.1911,165.81076,12.572205,12.030609,0.5686681,-1,-1,-1
24,-1,703.5005,179.20842,85.34729,60.776352,0.99733883,-1,-1,-1
24,-1,220.12975,181.33194,134.36531,47.148987,0.9957605,-1,-1,-1
24,-1,796.9569,174.56247,21.670288,14.299194,0.8719363,-1,-1,-1
24,-1,955.83734,162.32338,21.608643,14.888168,0.72997177,-1,-1,-1
25,-1,703.9522,180.26642,87.33429,59.8015,0.99753714,-1,-1,-1
25,-1,261.506,181.83583,133.0958,45.66394,0.98989433,-1,-1,-1
25,-1,940.7604,163.8228,25.401794,15.579117,0.98517203,-1,-1,-1
25,-1,780.3908,176.59943,20.52948,13.445557,0.9218452,-1,-1,-1
25,-1,899.0816,168.09406,15.82373,13.44458,0.72694063,-1,-1,-1
25,-1,1001.30206,164.53003,23.586731,18.437164,0.64339733,-1,-1,-1
26,-1,702.84406,180.83293,86.77161,61.248062,0.9982114,-1,-1,-1
26,-1,306.76086,181.75977,128.8953,45.833298,0.9964408,-1,-1,-1
26,-1,928.0217,165.47346,22.41095,14.430542,0.97500575,-1,-1,-1
26,-1,884.27264,169.93655,15.655762,12.627701,0.72116524,-1,-1,-1
26,-1,1041.5508,161.51405,28.547485,17.77304,0.57892257,-1,-1,-1
26,-1,1068.091,165.29814,20.201904,11.656677,0.5331289,-1,-1,-1
27,-1,703.02673,181.39392,86.21271,60.874176,0.9982425,-1,-1,-1
27,-1,345.73618,181.95952,123.01602,43.813446,0.9962509,-1,-1,-1
27,-1,867.47943,170.57422,16.429626,14.478119,0.77548575,-1,-1,-1
27,-1,912.7442,166.16217,22.67566,13.578552,0.74184424,-1,-1,-1
27,-1,1059.9297,165.68399,18.233887,11.773285,0.6322848,-1,-1,-1
27,-1,1026.3104,160.51031,27.295288,11.033188,0.5121589,-1,-1,-1
28,-1,386.57593,183.17374,102.966156,41.812775,0.99796665,-1,-1,-1
28,-1,702.56836,182.25708,87.24133,61.440186,0.9978042,-1,-1,-1
28,-1,839.4517,169.9741,28.095825,15.946228,0.96104354,-1,-1,-1
28,-1,696.7953,179.64537,29.179993,15.4627075,0.7740331,-1,-1,-1
28,-1,906.6427,166.43814,14.795837,14.785141,0.7303104,-1,-1,-1
28,-1,1015.0447,160.66391,17.26941,10.025711,0.6097434,-1,-1,-1
28,-1,1048.8086,160.91196,19.4375,16.731827,0.54856116,-1,-1,-1
29,-1,702.79095,182.89478,87.82257,60.45134,0.9975955,-1,-1,-1
29,-1,422.11685,181.95628,106.92807,42.64174,0.99579096,-1,-1,-1
29,-1,674.13135,180.5635,42.849487,17.779251,0.9768952,-1,-1,-1
29,-1,823.62726,170.5794,29.656982,16.269684,0.94411904,-1,-1,-1
29,-1,881.4023,167.71643,25.60382,14.4758,0.8885293,-1,-1,-1
29,-1,1002.14465,161.44147,20.269287,10.317047,0.72211754,-1,-1,-1
30,-1,701.6811,183.29797,90.11444,62.91417,0.99733764,-1,-1,-1
30,-1,646.991,182.43697,49.36566,18.628937,0.97998536,-1,-1,-1
30,-1,456.0825,182.5753,98.54178,40.124573,0.97739846,-1,-1,-1
30,-1,806.2079,172.29567,29.980225,16.06218,0.9486498,-1,-1,-1
30,-1,866.47314,167.78763,24.521545,15.5576935,0.94051874,-1,-1,-1
30,-1,990.9477,160.85942,20.544312,10.296753,0.76329297,-1,-1,-1
30,-1,957.3233,166.81616,15.241211,10.704239,0.6514778,-1,-1,-1
31,-1,483.69894,183.06346,92.85745,38.980804,0.99725777,-1,-1,-1
31,-1,702.2908,184.17702,87.08893,63.873383,0.9971642,-1,-1,-1
31,-1,627.5947,183.92336,43.411682,19.180267,0.98685557,-1,-1,-1
31,-1,852.20844,169.04727,24.449707,16.180695,0.9745268,-1,-1,-1
31,-1,790.30206,173.32066,29.240723,17.33075,0.938461,-1,-1,-1
31,-1,945.80634,166.27536,16.00824,10.098221,0.7910384,-1,-1,-1
31,-1,1093.8258,156.89568,27.346924,12.4127655,0.76321477,-1,-1,-1
31,-1,981.7472,161.75247,18.57074,10.086624,0.6688482,-1,-1,-1
32,-1,702.21094,186.87077,89.255005,60.167313,0.99743974,-1,-1,-1
32,-1,511.56064,184.19432,87.10599,37.576935,0.99676114,-1,-1,-1
32,-1,609.7548,185.93745,36.5849,19.974213,0.98781335,-1,-1,-1
32,-1,835.50726,170.56567,26.060608,17.38623,0.9514423,-1,-1,-1
32,-1,774.0934,175.85497,29.217407,17.05252,0.9440103,-1,-1,-1
32,-1,970.3445,162.62039,18.283875,11.2573395,0.77907836,-1,-1,-1
32,-1,935.3509,168.095,14.951355,10.4039,0.749069,-1,-1,-1
32,-1,1081.5206,158.54324,25.98938,11.943329,0.6854648,-1,-1,-1
33,-1,701.0059,189.44255,89.49243,62.117798,0.9977531,-1,-1,-1
33,-1,534.7958,186.6838,83.27533,36.573013,0.99496114,-1,-1,-1
33,-1,757.4882,178.57451,28.985474,14.59082,0.8973532,-1,-1,-1
33,-1,822.841,174.58336,23.560486,17.151428,0.8528907,-1,-1,-1
34,-1,700.70514,191.30086,89.768616,61.7883,0.99806577,-1,-1,-1
34,-1,555.9883,188.97238,78.77783,35.253128,0.99509937,-1,-1,-1
34,-1,526.5253,194.1119,37.474854,22.69426,0.961964,-1,-1,-1
34,-1,806.46124,177.40727,24.4292,17.142944,0.853165,-1,-1,-1
34,-1,737.9663,181.89383,33.158203,11.098785,0.69056803,-1,-1,-1
34,-1,907.80524,172.2182,30.161682,11.550674,0.6215456,-1,-1,-1
34,-1,801.13477,179.20508,21.279724,15.768112,0.5083054,-1,-1,-1
35,-1,699.0157,192.89598,91.4353,60.933884,0.9968268,-1,-1,-1
35,-1,574.7017,188.78564,74.61688,35.603424,0.99601185,-1,-1,-1
35,-1,488.764,196.21028,66.83078,24.787903,0.98795485,-1,-1,-1
35,-1,788.138,177.92711,27.783386,17.367325,0.87202317,-1,-1,-1
35,-1,894.5568,175.80685,15.801941,10.179977,0.78909916,-1,-1,-1
36,-1,699.7803,190.28775,89.00714,63.421417,0.9962829,-1,-1,-1
36,-1,591.0991,185.59601,71.60199,35.53897,0.9939108,-1,-1,-1
36,-1,771.7411,176.62273,27.424377,17.36522,0.93029326,-1,-1,-1
36,-1,445.7142,196.48936,75.72275,25.433289,0.91774374,-1,-1,-1
36,-1,697.7033,181.81345,32.673523,18.790405,0.8964343,-1,-1,-1
36,-1,882.5528,173.55795,16.506104,10.290512,0.8659241,-1,-1,-1
36,-1,917.7202,167.44826,20.395874,14.985474,0.6884791,-1,-1,-1
37,-1,699.6936,188.38414,89.02222,60.414856,0.9973272,-1,-1,-1
37,-1,609.23126,182.7902,66.38458,32.297073,0.9937723,-1,-1,-1
37,-1,399.36398,194.9794,82.12979,27.536499,0.9291693,-1,-1,-1
37,-1,754.66223,174.19667,29.719604,17.103485,0.9080624,-1,-1,-1
37,-1,676.9091,178.90717,37.780334,20.4346,0.83955973,-1,-1,-1
37,-1,907.28796,164.28714,23.301208,15.371185,0.7030715,-1,-1,-1
37,-1,873.47186,170.11758,12.801147,9.562637,0.6931662,-1,-1,-1
38,-1,701.1571,185.79684,88.99902,60.73915,0.9972396,-1,-1,-1
38,-1,344.18845,195.04298,95.77466,29.986954,0.98749536,-1,-1,-1
38,-1,623.2015,180.53912,59.101196,30.86081,0.9835029,-1,-1,-1
38,-1,739.0665,171.83817,30.891602,15.844025,0.90681577,-1,-1,-1
38,-1,674.7327,177.1476,19.963257,17.385956,0.8284158,-1,-1,-1
38,-1,900.55804,161.57454,13.179138,13.42511,0.6797779,-1,-1,-1
38,-1,909.81146,163.59126,17.720459,15.684387,0.6554364,-1,-1,-1
38,-1,648.1436,183.51842,36.65686,25.361511,0.5774478,-1,-1,-1
39,-1,703.421,184.13063,87.08429,60.277023,0.997589,-1,-1,-1
39,-1,283.67648,195.62518,106.284485,34.8136,0.9905053,-1,-1,-1
39,-1,636.4447,177.71465,55.61438,31.056213,0.98802465,-1,-1,-1
39,-1,721.16223,170.55861,31.623169,17.282791,0.85690904,-1,-1,-1
39,-1,848.7933,165.48932,13.345276,12.311371,0.6574954,-1,-1,-1
40,-1,701.7762,184.92003,89.608826,60.430542,0.9968354,-1,-1,-1
40,-1,645.40857,176.78604,54.649475,30.15532,0.99359894,-1,-1,-1
40,-1,204.36803,197.5069,130.56041,38.921738,0.9871071,-1,-1,-1
40,-1,612.9433,176.33511,39.97577,23.290909,0.97761214,-1,-1,-1
40,-1,836.68427,166.14896,18.973022,10.904449,0.94431406,-1,-1,-1
40,-1,873.4358,160.21132,15.065491,12.395172,0.82566065,-1,-1,-1
40,-1,703.9187,171.21407,33.721558,20.059036,0.7277472,-1,-1,-1
41,-1,705.33734,183.34143,86.79889,59.792633,0.99695265,-1,-1,-1
41,-1,590.06354,177.77493,45.1864,25.193222,0.991928,-1,-1,-1
41,-1,112.014786,199.71638,152.66774,45.815353,0.9874094,-1,-1,-1
41,-1,654.9046,175.8793,49.91754,28.695099,0.97906643,-1,-1,-1
41,-1,826.05896,165.3237,18.191956,12.03801,0.898961,-1,-1,-1
41,-1,694.6826,170.4112,27.916626,22.551208,0.82356524,-1,-1,-1
41,-1,866.3039,160.42487,18.038818,10.625412,0.7047241,-1,-1,-1
42,-1,705.4121,183.75389,85.04608,57.99608,0.9981851,-1,-1,-1
42,-1,565.2505,177.9088,49.142883,26.481293,0.99102134,-1,-1,-1
42,-1,0.32487532,202.4183,180.94888,52.654495,0.98927325,-1,-1,-1
42,-1,663.4101,173.15034,47.76367,30.654877,0.9691747,-1,-1,-1
42,-1,815.74207,166.62411,15.538818,11.116821,0.79359585,-1,-1,-1
42,-1,833.28064,164.14935,10.638489,10.018814,0.5819859,-1,-1,-1
43,-1,705.9985,184.35701,84.22217,59.06813,0.99759346,-1,-1,-1
43,-1,538.3084,178.48865,52.81775,28.696259,0.98855317,-1,-1,-1
43,-1,0.72457534,207.83105,74.70999,48.135986,0.9692704,-1,-1,-1
43,-1,668.177,175.61215,34.598694,26.253967,0.96096295,-1,-1,-1
43,-1,650.77496,173.05652,34.305786,21.53923,0.95276827,-1,-1,-1
43,-1,840.73627,162.18973,13.951416,11.375565,0.9269178,-1,-1,-1
43,-1,803.81396,168.24248,16.144653,11.669052,0.92509073,-1,-1,-1
43,-1,687.63403,175.54878,27.498535,22.51892,0.7751474,-1,-1,-1
43,-1,821.0993,165.89413,12.417175,10.631729,0.5895626,-1,-1,-1
44,-1,705.7839,184.57527,83.319336,60.925262,0.9961545,-1,-1,-1
44,-1,508.25076,179.93968,54.736603,28.85881,0.9918195,-1,-1,-1
44,-1,632.906,173.44475,38.653503,23.296692,0.95714134,-1,-1,-1
44,-1,791.81506,168.61646,16.241333,12.669632,0.9457909,-1,-1,-1
44,-1,674.6765,175.51707,40.88434,25.782059,0.86523443,-1,-1,-1
44,-1,692.4726,176.14658,23.98584,23.17421,0.64873624,-1,-1,-1
44,-1,828.5695,163.71645,23.77649,11.99173,0.6096677,-1,-1,-1
44,-1,808.4571,166.27254,13.2352295,11.378418,0.5424812,-1,-1,-1
45,-1,705.34015,183.42006,82.13977,61.417374,0.9967705,-1,-1,-1
45,-1,473.41287,180.29706,61.16385,32.03961,0.9912327,-1,-1,-1
45,-1,676.07886,175.58357,39.151733,24.809052,0.9742216,-1,-1,-1
45,-1,778.3355,168.20174,17.459167,12.746918,0.94663393,-1,-1,-1
45,-1,612.2072,173.05222,40.639465,24.820923,0.9312339,-1,-1,-1
45,-1,816.88544,162.7075,20.119934,12.885895,0.7348443,-1,-1,-1
45,-1,838.1668,162.82564,11.283936,7.263153,0.57485956,-1,-1,-1
46,-1,703.8916,182.73076,78.471985,59.012558,0.99709463,-1,-1,-1
46,-1,436.7552,180.00974,67.0661,32.84279,0.9885132,-1,-1,-1
46,-1,677.2192,173.00146,38.022095,24.508087,0.95123947,-1,-1,-1
46,-1,765.3126,168.29904,17.86499,11.793488,0.91867775,-1,-1,-1
46,-1,804.58435,161.42531,19.872559,13.159424,0.90596706,-1,-1,-1
46,-1,589.15704,172.42363,42.406128,25.041946,0.8818922,-1,-1,-1
46,-1,827.5332,161.61526,9.503052,6.7661743,0.68162686,-1,-1,-1
47,-1,702.22235,180.7003,79.0788,61.591934,0.996831,-1,-1,-1
47,-1,400.203,180.25385,68.1593,34.196472,0.9896751,-1,-1,-1
47,-1,678.2036,172.5442,35.541748,22.818527,0.9577261,-1,-1,-1
47,-1,750.70874,167.47977,19.784424,12.88591,0.8921102,-1,-1,-1
47,-1,565.16144,172.32657,45.559265,26.171585,0.8580476,-1,-1,-1
47,-1,832.95703,162.81305,14.764526,12.300308,0.8061481,-1,-1,-1
47,-1,791.5431,161.80856,15.689209,12.49823,0.7750983,-1,-1,-1
47,-1,804.44,163.67763,12.088745,9.296738,0.62630206,-1,-1,-1
48,-1,699.0781,182.60876,76.69513,58.821457,0.99749666,-1,-1,-1
48,-1,347.62662,182.51308,81.86426,37.184082,0.9868634,-1,-1,-1
48,-1,677.1972,173.95529,29.358826,22.17839,0.925451,-1,-1,-1
48,-1,738.27185,168.38206,18.232605,12.114273,0.9094814,-1,-1,-1
48,-1,539.3611,173.55934,48.420288,27.772964,0.90561956,-1,-1,-1
48,-1,779.0652,161.97018,22.044006,12.659103,0.8584813,-1,-1,-1
48,-1,822.34595,163.93034,13.580505,12.091705,0.7387117,-1,-1,-1
48,-1,778.70886,164.15388,14.178406,10.207153,0.67367214,-1,-1,-1
48,-1,800.6132,162.03806,13.370239,7.9463043,0.5455695,-1,-1,-1
49,-1,698.1976,181.6083,78.45801,60.031586,0.99695456,-1,-1,-1
49,-1,294.5964,185.03252,91.22275,40.762314,0.98943627,-1,-1,-1
49,-1,512.0262,175.06807,51.390503,29.66394,0.93031865,-1,-1,-1
49,-1,674.2857,172.95656,34.440247,22.203232,0.9255439,-1,-1,-1
49,-1,724.3798,169.14262,19.797058,11.883301,0.91769505,-1,-1,-1
49,-1,765.8044,162.69029,22.264648,13.146637,0.8687784,-1,-1,-1
49,-1,803.51227,164.04698,9.729858,7.1600494,0.7586959,-1,-1,-1
49,-1,788.9333,162.74146,12.2630005,9.276688,0.6409946,-1,-1,-1
50,-1,695.41345,182.00905,75.96704,59.37358,0.99778974,-1,-1,-1
50,-1,230.65546,188.08102,103.7175,44.420334,0.975471,-1,-1,-1
50,-1,673.0874,174.1169,28.317627,22.239548,0.96739566,-1,-1,-1
50,-1,482.36755,176.19876,55.124207,31.35115,0.9304225,-1,-1,-1
50,-1,710.50604,169.74394,19.18103,12.838074,0.9172206,-1,-1,-1
50,-1,753.18866,163.64146,21.559387,12.785461,0.7761942,-1,-1,-1
50,-1,792.1094,163.92209,10.130432,7.4638824,0.7322219,-1,-1,-1
50,-1,776.1915,163.47736,13.013245,8.6936035,0.66618454,-1,-1,-1
50,-1,801.19434,164.87135,14.243408,11.771652,0.6400972,-1,-1,-1
51,-1,692.9281,181.789,75.74219,57.373383,0.99756855,-1,-1,-1
51,-1,153.60321,190.67856,124.61536,50.10672,0.9726927,-1,-1,-1
51,-1,669.7621,173.98312,25.98584,20.651337,0.9705392,-1,-1,-1
51,-1,449.59982,177.13326,61.451508,33.996506,0.9268492,-1,-1,-1
51,-1,777.7551,164.308,11.568726,7.2319794,0.81435806,-1,-1,-1
51,-1,696.6939,169.58647,18.945435,13.627808,0.76223534,-1,-1,-1
51,-1,738.4285,163.64531,23.671387,14.610504,0.7448166,-1,-1,-1
51,-1,762.97485,163.48721,12.9823,9.48526,0.728119,-1,-1,-1
51,-1,790.96295,164.54295,13.56073,11.608353,0.70290565,-1,-1,-1
51,-1,716.8625,168.70563,14.050049,10.904144,0.58996284,-1,-1,-1
52,-1,689.95245,182.24922,74.31903,56.762573,0.9983297,-1,-1,-1
52,-1,58.909653,192.72157,151.48624,56.741776,0.98222834,-1,-1,-1
52,-1,665.1092,173.94339,29.713074,20.32695,0.9752548,-1,-1,-1
52,-1,415.71198,178.69862,65.579285,36.121628,0.9218759,-1,-1,-1
52,-1,705.28125,169.84592,14.279114,10.842117,0.7538832,-1,-1,-1
52,-1,726.1321,163.42986,24.975952,14.271957,0.7508609,-1,-1,-1
52,-1,751.341,164.6795,12.88446,9.569138,0.7507648,-1,-1,-1
52,-1,766.27856,164.64,11.121216,7.4721375,0.7505315,-1,-1,-1
52,-1,778.8184,164.86845,14.859253,12.66069,0.72398746,-1,-1,-1
52,-1,792.2968,163.12425,15.114075,12.843552,0.5797393,-1,-1,-1
53,-1,686.58905,181.82002,72.046875,57.752533,0.99837023,-1,-1,-1
53,-1,0.0,197.29045,129.51656,63.61296,0.9902146,-1,-1,-1
53,-1,662.36414,173.59155,25.992859,21.858734,0.9729274,-1,-1,-1
53,-1,377.3936,181.01726,72.13504,37.4088,0.93233556,-1,-1,-1
53,-1,755.58685,165.50612,11.283752,7.081558,0.7958439,-1,-1,-1
53,-1,713.86993,165.20842,23.091553,14.401138,0.78191257,-1,-1,-1
53,-1,690.4341,170.32349,17.718933,11.67514,0.7585164,-1,-1,-1
53,-1,740.012,164.84045,12.400513,9.903183,0.6428661,-1,-1,-1
53,-1,769.19324,165.96722,13.957275,12.862228,0.62695396,-1,-1,-1
54,-1,685.21295,181.72754,71.18805,56.207138,0.9982022,-1,-1,-1
54,-1,0.22755472,206.0619,27.106293,54.68602,0.97851366,-1,-1,-1
54,-1,653.744,174.6501,28.842224,21.39621,0.9705202,-1,-1,-1
54,-1,333.4092,183.65823,82.4306,41.250504,0.967841,-1,-1,-1
54,-1,702.9607,165.95532,18.892395,15.19252,0.78053755,-1,-1,-1
54,-1,727.3592,166.44714,12.07782,9.435257,0.77972996,-1,-1,-1
54,-1,759.2224,166.78809,13.572693,12.065628,0.56528175,-1,-1,-1
55,-1,681.76154,182.17563,71.10901,58.004578,0.9979316,-1,-1,-1
55,-1,640.6054,174.24501,18.258972,17.159103,0.94165784,-1,-1,-1
55,-1,653.44977,175.4906,26.26233,19.646729,0.92273897,-1,-1,-1
55,-1,283.73914,185.10616,93.08197,44.27217,0.902971,-1,-1,-1
55,-1,717.2727,166.20132,12.838257,10.497696,0.67877895,-1,-1,-1
55,-1,692.86194,166.05365,25.901428,13.601547,0.64318293,-1,-1,-1
55,-1,691.3466,167.40836,17.693237,14.28215,0.51221174,-1,-1,-1
55,-1,749.3203,167.03056,13.815857,12.167145,0.5112798,-1,-1,-1
56,-1,678.7971,180.92719,69.11932,57.660263,0.9977786,-1,-1,-1
56,-1,627.8485,171.6873,23.025696,18.751541,0.98256266,-1,-1,-1
56,-1,650.31085,171.65898,25.866516,20.75998,0.96990967,-1,-1,-1
56,-1,227.03375,185.04396,104.95087,49.000443,0.96755576,-1,-1,-1
56,-1,681.7801,163.65237,27.834106,15.187195,0.7999286,-1,-1,-1
56,-1,723.7025,164.8315,11.628723,7.0511627,0.6182631,-1,-1,-1
56,-1,680.9737,167.24527,15.968994,12.989944,0.55896026,-1,-1,-1
56,-1,709.1709,165.05772,11.336487,9.283432,0.51467,-1,-1,-1
57,-1,676.26685,176.19482,68.9837,58.91263,0.99769753,-1,-1,-1
57,-1,615.1944,169.33063,22.958435,17.449677,0.978218,-1,-1,-1
57,-1,160.21434,183.30055,119.62315,55.493546,0.9438871,-1,-1,-1
57,-1,645.8654,169.8313,24.93512,19.028091,0.9403462,-1,-1,-1
57,-1,681.3898,163.10431,18.931946,11.95697,0.61592346,-1,-1,-1
57,-1,674.9346,162.2039,19.712769,12.6406555,0.5589242,-1,-1,-1
57,-1,674.864,165.14557,13.103943,10.486603,0.5435663,-1,-1,-1
58,-1,675.51886,175.4225,65.5871,56.853424,0.9972235,-1,-1,-1
58,-1,602.01685,167.05743,23.630249,19.776154,0.9777234,-1,-1,-1
58,-1,78.268074,183.34087,144.10074,61.99077,0.961115,-1,-1,-1
58,-1,642.21454,167.67485,25.61316,19.302826,0.9519877,-1,-1,-1
58,-1,630.70557,166.07422,18.168945,11.573944,0.87479824,-1,-1,-1
58,-1,675.86566,163.46289,15.12262,10.176224,0.8197088,-1,-1,-1
58,-1,726.5691,160.6381,13.108215,11.871597,0.6097238,-1,-1,-1
58,-1,664.7838,159.72336,20.349426,12.571671,0.58207136,-1,-1,-1
59,-1,672.214,174.2561,64.40283,57.41945,0.9975605,-1,-1,-1
59,-1,588.33813,167.91745,25.108582,19.204071,0.9800555,-1,-1,-1
59,-1,640.1764,167.002,23.076538,18.065628,0.9731121,-1,-1,-1
59,-1,0.0,185.54733,155.18517,68.77481,0.9714906,-1,-1,-1
59,-1,619.0916,165.30333,19.67334,13.427368,0.9536648,-1,-1,-1
59,-1,666.633,164.73073,14.181641,9.146759,0.8147069,-1,-1,-1
59,-1,654.4754,159.74956,21.180908,13.022415,0.6136245,-1,-1,-1
59,-1,718.1279,159.89386,13.438171,11.977463,0.5254571,-1,-1,-1
60,-1,669.7176,176.8221,64.41693,54.33127,0.99816895,-1,-1,-1
60,-1,575.2367,170.56693,26.457825,17.590225,0.9875081,-1,-1,-1
60,-1,636.1883,169.00082,23.054688,18.108429,0.9659057,-1,-1,-1
60,-1,609.0529,167.81581,19.724854,13.359665,0.94558525,-1,-1,-1
60,-1,0.0,189.83879,70.30154,67.75273,0.8593659,-1,-1,-1
60,-1,656.1214,164.2366,15.216309,10.148987,0.5460946,-1,-1,-1
60,-1,648.3715,161.23248,11.725281,6.9913177,0.5268571,-1,-1,-1
60,-1,645.7254,161.19426,22.609314,12.965363,0.5266831,-1,-1,-1
61,-1,667.0657,178.29355,62.743774,53.414825,0.9975388,-1,-1,-1
61,-1,559.32477,173.46489,29.019836,19.086945,0.979107,-1,-1,-1
61,-1,0.38568017,269.8689,49.721493,103.38367,0.9693127,-1,-1,-1
61,-1,597.6191,170.24574,20.389832,13.817825,0.96919495,-1,-1,-1
61,-1,628.49316,168.18442,27.935486,20.318085,0.8718483,-1,-1,-1
61,-1,638.0219,164.0207,22.419434,20.308563,0.6646816,-1,-1,-1
61,-1,659.49023,164.5148,13.811523,10.573822,0.63269305,-1,-1,-1
62,-1,662.5463,179.44049,65.80011,53.962585,0.9978175,-1,-1,-1
62,-1,1.4666733,210.6654,129.62871,159.84909,0.99329585,-1,-1,-1
62,-1,547.1036,175.43454,28.434265,19.035995,0.9742664,-1,-1,-1
62,-1,586.3247,173.0127,21.38684,14.092346,0.9617408,-1,-1,-1
62,-1,625.67487,168.15375,24.907593,21.847397,0.8794606,-1,-1,-1
62,-1,618.1459,170.50697,11.277283,14.517456,0.6137685,-1,-1,-1
62,-1,652.54877,166.31775,12.640015,10.110626,0.5145183,-1,-1,-1
63,-1,659.32104,179.00253,66.11243,52.261887,0.99750805,-1,-1,-1
63,-1,0.21007212,201.49294,193.49594,168.17003,0.99420184,-1,-1,-1
63,-1,534.3688,175.265,27.595276,19.927948,0.97818863,-1,-1,-1
63,-1,574.12024,173.41844,21.632568,14.690826,0.9559226,-1,-1,-1
63,-1,606.8268,169.2751,18.286987,17.182587,0.8355577,-1,-1,-1
63,-1,613.7584,166.2022,29.253601,22.207565,0.7298488,-1,-1,-1
63,-1,709.1846,180.7693,32.172424,51.094604,0.65006185,-1,-1,-1
64,-1,655.7434,177.78273,61.897217,50.629654,0.99831617,-1,-1,-1
64,-1,596.482,168.73196,18.681396,14.38382,0.97665954,-1,-1,-1
64,-1,515.21295,174.61928,32.680176,21.246582,0.975843,-1,-1,-1
64,-1,0.0,194.31758,245.99951,175.705,0.9697854,-1,-1,-1
64,-1,563.076,171.47113,22.775757,15.062729,0.9667271,-1,-1,-1
64,-1,616.07904,168.94937,22.489258,17.945038,0.892877,-1,-1,-1
64,-1,709.7506,179.428,26.828674,35.795013,0.66233754,-1,-1,-1
64,-1,633.2345,164.88243,13.818115,10.124573,0.5061126,-1,-1,-1
65,-1,651.30914,176.80687,62.034485,50.72545,0.99884486,-1,-1,-1
65,-1,585.82855,167.90323,20.003601,14.400055,0.98252213,-1,-1,-1
65,-1,0.29939824,187.66864,291.01675,167.7114,0.97837454,-1,-1,-1
65,-1,550.61096,170.157,22.405945,15.754898,0.97124815,-1,-1,-1
65,-1,496.99332,173.62529,34.521088,21.464783,0.91824675,-1,-1,-1
65,-1,611.6124,170.00145,21.60083,15.656738,0.8634131,-1,-1,-1
65,-1,641.1862,164.10567,10.901123,8.460861,0.79273206,-1,-1,-1
65,-1,625.3391,163.29848,11.841431,8.3602295,0.6861921,-1,-1,-1
65,-1,497.28796,180.52774,25.29486,16.976181,0.5274833,-1,-1,-1
65,-1,511.4002,173.5186,20.75653,18.336487,0.5002518,-1,-1,-1
66,-1,647.6869,178.18906,59.614197,51.941742,0.9979881,-1,-1,-1
66,-1,57.460766,186.17044,265.91223,153.80438,0.98854125,-1,-1,-1
66,-1,478.0413,175.4693,39.05722,23.870605,0.9708203,-1,-1,-1
66,-1,537.16675,173.40642,23.861877,16.00055,0.9655177,-1,-1,-1
66,-1,573.99,169.9125,21.96283,15.682083,0.9608952,-1,-1,-1
66,-1,606.7179,169.89178,20.635986,16.976654,0.9053571,-1,-1,-1
66,-1,632.04987,166.16754,12.909668,9.843964,0.791639,-1,-1,-1
66,-1,597.26263,165.74295,14.481262,10.860352,0.63118756,-1,-1,-1
66,-1,616.683,166.54332,12.110596,11.4157715,0.6310153,-1,-1,-1
67,-1,641.8838,183.74464,60.8631,52.754013,0.998461,-1,-1,-1
67,-1,115.461586,188.7774,236.81201,140.03088,0.98668426,-1,-1,-1
67,-1,524.63495,176.92227,24.413086,17.416306,0.9747523,-1,-1,-1
67,-1,561.94073,175.98904,22.99524,16.176254,0.9668502,-1,-1,-1
67,-1,459.14978,180.53589,41.344147,25.419922,0.9641293,-1,-1,-1
67,-1,599.8115,172.8685,22.725403,18.27829,0.9286939,-1,-1,-1
67,-1,623.126,170.75131,13.852112,10.437378,0.86493325,-1,-1,-1
67,-1,586.584,173.31094,16.851562,14.79129,0.64092785,-1,-1,-1
67,-1,590.116,171.0933,13.337036,11.471603,0.56599003,-1,-1,-1
68,-1,636.12476,185.96632,61.16046,51.386215,0.9985617,-1,-1,-1
68,-1,165.76743,190.81602,208.67987,129.5273,0.99104065,-1,-1,-1
68,-1,511.90155,181.99994,24.9953,16.475342,0.9790702,-1,-1,-1
68,-1,550.5574,180.15977,21.97992,15.745392,0.97254884,-1,-1,-1
68,-1,596.1957,175.12592,20.438293,18.578857,0.9592689,-1,-1,-1
68,-1,438.03503,185.05742,42.347412,26.637604,0.92182374,-1,-1,-1
68,-1,615.2813,174.46123,11.167969,8.309769,0.71542454,-1,-1,-1
68,-1,569.76935,173.1646,24.221558,16.903412,0.7151172,-1,-1,-1
68,-1,579.937,176.89464,16.543457,13.676498,0.62219155,-1,-1,-1
69,-1,632.8304,185.84904,59.974365,53.95056,0.9988403,-1,-1,-1
69,-1,205.06407,189.84735,189.43797,123.93683,0.98940253,-1,-1,-1
69,-1,538.76794,181.02417,23.269165,16.082764,0.9768679,-1,-1,-1
69,-1,415.79028,185.69595,52.398956,29.836182,0.9738951,-1,-1,-1
69,-1,499.87656,182.6105,25.446808,16.809586,0.96402067,-1,-1,-1
69,-1,590.80133,177.35805,19.815918,17.125504,0.91481185,-1,-1,-1
69,-1,610.34436,181.67422,35.695312,20.967606,0.6952492,-1,-1,-1
69,-1,571.444,177.12277,15.01239,13.320862,0.6047625,-1,-1,-1
70,-1,627.5486,185.30298,59.677673,52.409546,0.9987006,-1,-1,-1
70,-1,242.8443,188.36206,170.71902,113.33368,0.9754344,-1,-1,-1
70,-1,529.4984,179.7986,22.883667,16.921646,0.9728501,-1,-1,-1
70,-1,484.66708,181.60078,30.753082,18.611145,0.9713018,-1,-1,-1
70,-1,391.3069,186.25958,52.98419,28.53656,0.95875615,-1,-1,-1
70,-1,585.8995,175.81157,20.029297,17.079712,0.842172,-1,-1,-1
70,-1,551.4696,173.25958,20.469238,16.93779,0.745365,-1,-1,-1
70,-1,563.42413,176.24261,15.371155,13.421677,0.6806636,-1,-1,-1
70,-1,602.2314,174.23778,10.823547,7.934738,0.6693101,-1,-1,-1
70,-1,639.4526,172.015,16.952393,11.963348,0.52779114,-1,-1,-1
71,-1,623.9402,184.36497,60.216064,52.26613,0.9982425,-1,-1,-1
71,-1,385.74078,185.37349,38.419464,29.687744,0.9914656,-1,-1,-1
71,-1,518.6178,179.30429,24.482788,17.76445,0.9898262,-1,-1,-1
71,-1,471.19202,181.0719,33.474396,19.097107,0.98124886,-1,-1,-1
71,-1,270.47202,185.34247,155.69797,108.377045,0.9649021,-1,-1,-1
71,-1,583.56635,178.09213,20.231995,13.785095,0.926609,-1,-1,-1
71,-1,596.82513,173.88043,12.371277,7.8487396,0.7138435,-1,-1,-1
71,-1,577.83655,172.02393,12.863647,11.186523,0.71163315,-1,-1,-1
71,-1,543.07745,171.57335,18.982971,18.28447,0.69405574,-1,-1,-1
71,-1,560.3184,175.25058,11.649841,11.961472,0.6001957,-1,-1,-1
72,-1,619.60675,182.74738,59.381104,52.884705,0.99791473,-1,-1,-1
72,-1,460.1743,180.676,33.14441,20.08609,0.98963416,-1,-1,-1
72,-1,294.75613,185.15405,145.28711,102.63135,0.9864559,-1,-1,-1
72,-1,508.97778,178.78304,24.915771,17.467804,0.9786012,-1,-1,-1
72,-1,581.1114,176.09053,20.434082,14.879929,0.9022307,-1,-1,-1
72,-1,571.4778,170.99185,13.789124,11.943222,0.85064703,-1,-1,-1
72,-1,535.9208,172.39078,21.667786,17.08284,0.6000009,-1,-1,-1
72,-1,629.4,171.27599,13.110352,10.888489,0.57101774,-1,-1,-1
73,-1,617.0647,183.55322,58.789185,51.91835,0.99779177,-1,-1,-1
73,-1,445.56262,181.84814,36.477417,21.496872,0.99336994,-1,-1,-1
73,-1,497.53955,179.02002,28.064453,18.796005,0.98208344,-1,-1,-1
73,-1,299.79343,188.78253,43.752167,39.847473,0.97888213,-1,-1,-1
73,-1,317.71957,184.88902,134.14203,94.13594,0.9736761,-1,-1,-1
73,-1,578.1971,175.05946,20.024414,16.090698,0.9183407,-1,-1,-1
73,-1,566.34686,171.75824,13.879883,12.382019,0.8418798,-1,-1,-1
73,-1,528.25775,172.35587,23.33612,18.6082,0.8115326,-1,-1,-1
74,-1,612.3449,184.61453,60.098938,51.0047,0.99808,-1,-1,-1
74,-1,486.46066,180.93655,29.035797,18.558014,0.98619974,-1,-1,-1
74,-1,335.56418,184.28787,124.81439,90.25485,0.9850456,-1,-1,-1
74,-1,438.0364,182.85345,30.823517,21.696548,0.98426604,-1,-1,-1
74,-1,257.6392,189.05933,86.759155,43.919235,0.9616366,-1,-1,-1
74,-1,576.15295,174.83781,18.619324,16.704529,0.94857585,-1,-1,-1
74,-1,560.621,173.60437,13.445374,11.211197,0.85398054,-1,-1,-1
74,-1,519.18176,172.18243,26.028687,19.843979,0.81515896,-1,-1,-1
75,-1,610.0306,185.05783,60.70929,50.884674,0.9983689,-1,-1,-1
75,-1,473.87186,181.43661,31.953247,19.127975,0.9922907,-1,-1,-1
75,-1,351.58572,183.96306,116.72055,86.11955,0.9876203,-1,-1,-1
75,-1,573.0836,175.1054,17.5354,16.281265,0.9500473,-1,-1,-1
75,-1,206.68826,190.0375,102.7496,49.46991,0.916066,-1,-1,-1
75,-1,554.8417,173.56593,14.815247,11.704208,0.898306,-1,-1,-1
75,-1,512.5325,174.06801,25.917786,19.047302,0.7803579,-1,-1,-1
75,-1,618.23224,172.21869,15.289185,12.030823,0.5672743,-1,-1,-1
76,-1,607.41754,185.21739,58.430176,50.226242,0.998456,-1,-1,-1
76,-1,366.2679,183.99982,111.18631,82.41461,0.9924359,-1,-1,-1
76,-1,462.27023,181.77153,33.80182,19.723984,0.9876742,-1,-1,-1
76,-1,570.22595,175.27972,17.447021,16.473099,0.96161556,-1,-1,-1
76,-1,140.34256,191.70624,126.92386,56.82425,0.92403805,-1,-1,-1
76,-1,505.08115,175.46573,29.546112,19.81572,0.8922968,-1,-1,-1
76,-1,549.5753,174.36613,14.157837,11.602554,0.8099394,-1,-1,-1
77,-1,604.65155,186.01694,57.42108,48.772385,0.99712783,-1,-1,-1
77,-1,453.87592,183.09682,32.31665,22.957779,0.9867322,-1,-1,-1
77,-1,53.69613,195.34048,155.75497,67.77231,0.9828766,-1,-1,-1
77,-1,380.1521,185.12924,103.22595,79.7341,0.980184,-1,-1,-1
77,-1,567.49585,176.87401,18.069275,15.7617035,0.92857355,-1,-1,-1
77,-1,500.54596,177.47112,28.135681,18.900543,0.89294493,-1,-1,-1
77,-1,545.0287,174.64989,14.90332,12.395157,0.82664865,-1,-1,-1
77,-1,611.83875,174.33337,13.317078,10.809509,0.5225459,-1,-1,-1
78,-1,602.0095,187.26239,57.472534,48.62857,0.9985091,-1,-1,-1
78,-1,389.5538,185.90242,96.77286,75.12816,0.99283993,-1,-1,-1
78,-1,2.1264756,199.45279,135.84367,73.33432,0.97847474,-1,-1,-1
78,-1,360.84695,189.03345,44.534576,27.629715,0.9634446,-1,-1,-1
78,-1,563.7037,177.19766,19.588013,16.729492,0.91108596,-1,-1,-1
78,-1,539.94617,176.45143,15.311951,12.087921,0.8985247,-1,-1,-1
78,-1,489.69745,178.11629,30.903564,19.67012,0.76439196,-1,-1,-1
78,-1,608.6617,175.41687,13.062561,11.609238,0.60423064,-1,-1,-1
79,-1,599.958,188.46373,57.209106,48.594345,0.9978509,-1,-1,-1
79,-1,399.32886,185.94543,92.85669,73.09802,0.99386024,-1,-1,-1
79,-1,337.57056,190.25255,58.112366,29.541214,0.9918234,-1,-1,-1
79,-1,0.59661597,204.73987,39.990368,70.5878,0.9858261,-1,-1,-1
79,-1,536.20544,176.79385,15.255615,12.733887,0.8955782,-1,-1,-1
79,-1,483.22467,177.50008,29.922485,22.407455,0.8390606,-1,-1,-1
79,-1,559.8282,177.2815,10.507385,13.850906,0.77022344,-1,-1,-1
79,-1,563.62445,178.23314,19.26941,15.946243,0.71829283,-1,-1,-1
79,-1,607.3431,175.784,15.497864,11.39917,0.6251992,-1,-1,-1
79,-1,214.53328,194.92822,38.33333,23.810226,0.54214746,-1,-1,-1
80,-1,598.2218,187.80612,57.682373,48.073196,0.99841154,-1,-1,-1
80,-1,406.74893,185.79274,87.820496,71.22575,0.9912629,-1,-1,-1
80,-1,314.40628,191.76587,64.27637,29.083878,0.98854417,-1,-1,-1
80,-1,478.08115,178.33679,28.181274,22.886078,0.8607995,-1,-1,-1
80,-1,532.0755,176.35625,15.965881,13.354767,0.859663,-1,-1,-1
80,-1,556.3613,175.86348,11.495056,13.841965,0.841693,-1,-1,-1
80,-1,562.52496,176.57503,19.175781,16.29036,0.8151913,-1,-1,-1
80,-1,402.63376,186.50806,30.082611,27.19104,0.81423193,-1,-1,-1
81,-1,596.54474,186.35439,56.194824,48.738754,0.9982666,-1,-1,-1
81,-1,286.42038,189.32628,72.25412,33.909103,0.99658906,-1,-1,-1
81,-1,385.49026,184.8673,46.8255,28.327545,0.9929508,-1,-1,-1
81,-1,413.5676,184.19841,84.10855,67.84755,0.9921801,-1,-1,-1
81,-1,472.10934,176.51183,27.847504,23.865341,0.8630771,-1,-1,-1
81,-1,530.177,175.52629,13.451782,13.75087,0.8492348,-1,-1,-1
81,-1,562.75995,176.99078,18.459045,13.689346,0.8476361,-1,-1,-1
81,-1,553.4361,175.80228,12.927124,13.979889,0.8292287,-1,-1,-1
81,-1,585.9832,174.1411,10.094238,6.6941986,0.63089675,-1,-1,-1
81,-1,603.53345,173.9321,13.356018,10.928085,0.542678,-1,-1,-1
82,-1,594.3714,184.6644,57.159973,47.8851,0.9975877,-1,-1,-1
82,-1,255.57536,189.3498,78.26143,38.118576,0.9935127,-1,-1,-1
82,-1,363.73447,184.04526,58.331238,30.984726,0.99009436,-1,-1,-1
82,-1,420.71524,182.10995,79.758545,66.00217,0.9898003,-1,-1,-1
82,-1,525.634,173.95712,15.363953,13.007034,0.9342331,-1,-1,-1
82,-1,563.0307,176.21823,17.681274,13.244522,0.90882105,-1,-1,-1
82,-1,550.15173,174.10123,13.942139,14.083817,0.8569267,-1,-1,-1
83,-1,594.34344,184.09315,56.65631,47.366333,0.99734014,-1,-1,-1
83,-1,427.59116,181.9137,73.09561,63.113815,0.9939144,-1,-1,-1
83,-1,219.3272,189.86615,85.46947,39.38945,0.9911844,-1,-1,-1
83,-1,340.46948,183.61234,65.29819,33.657333,0.991139,-1,-1,-1
83,-1,562.6917,174.54959,18.47937,13.986832,0.92590165,-1,-1,-1
83,-1,548.08673,173.4529,15.557739,13.968109,0.87338585,-1,-1,-1
83,-1,522.56036,173.36716,16.187256,13.116318,0.8451426,-1,-1,-1
84,-1,594.97266,182.48038,56.53955,46.19554,0.99686795,-1,-1,-1
84,-1,433.55145,181.07605,73.387634,62.408966,0.99348336,-1,-1,-1
84,-1,314.77292,184.47768,72.89667,35.128784,0.9790254,-1,-1,-1
84,-1,173.1052,191.443,104.530334,44.084457,0.97000545,-1,-1,-1
84,-1,564.32324,174.15138,17.49353,13.495911,0.8981006,-1,-1,-1
84,-1,519.70245,171.72488,17.775452,14.055405,0.8163927,-1,-1,-1
84,-1,546.1211,173.05563,17.996582,14.294983,0.7907694,-1,-1,-1
84,-1,447.3147,168.48575,32.848724,17.628265,0.69684005,-1,-1,-1
85,-1,598.18146,182.18748,54.538452,43.98587,0.9964444,-1,-1,-1
85,-1,442.266,181.40523,68.69644,58.86348,0.98706204,-1,-1,-1
85,-1,118.75158,192.24335,125.38326,51.538864,0.98178226,-1,-1,-1
85,-1,281.37634,185.12828,86.763336,39.48198,0.9759878,-1,-1,-1
85,-1,566.6915,173.52623,17.013245,13.745117,0.92180693,-1,-1,-1
85,-1,432.83734,176.02376,38.551483,30.328796,0.9154897,-1,-1,-1
85,-1,517.8358,171.24821,18.015259,15.006409,0.7374395,-1,-1,-1
85,-1,544.9372,172.44293,12.478516,13.299805,0.63251007,-1,-1,-1
85,-1,440.53552,168.41359,33.481598,12.2000885,0.56818753,-1,-1,-1
85,-1,604.40955,167.78201,17.805542,12.901733,0.5486603,-1,-1,-1
86,-1,598.61194,182.93654,55.995728,44.722366,0.9954085,-1,-1,-1
86,-1,448.57413,180.31885,69.1987,57.781296,0.9928926,-1,-1,-1
86,-1,82.8017,195.24318,116.98096,53.97165,0.9888269,-1,-1,-1
86,-1,423.19046,178.45291,39.39261,26.815796,0.98031896,-1,-1,-1
86,-1,245.63284,186.62779,96.92743,45.7063,0.97362876,-1,-1,-1
86,-1,569.1872,173.71042,16.46399,13.436539,0.89170134,-1,-1,-1
86,-1,517.73627,171.59668,18.591003,15.2274475,0.8402425,-1,-1,-1
86,-1,545.29364,173.08817,12.210327,13.11351,0.72761565,-1,-1,-1
86,-1,556.5388,173.52841,15.105835,14.167725,0.58619094,-1,-1,-1
87,-1,601.0069,181.51018,56.164856,45.62552,0.9958555,-1,-1,-1
87,-1,457.98575,180.20955,66.25076,56.100067,0.9845138,-1,-1,-1
87,-1,190.58595,189.6149,123.301865,52.300446,0.9793873,-1,-1,-1
87,-1,4.3711805,199.62003,126.85931,65.02646,0.97163695,-1,-1,-1
87,-1,412.9173,178.92152,49.362274,29.812683,0.9601708,-1,-1,-1
87,-1,518.0032,172.94366,18.982544,14.952133,0.8618798,-1,-1,-1
87,-1,573.02124,174.17027,15.772888,13.202301,0.841877,-1,-1,-1
87,-1,545.96606,173.46419,12.84314,12.709061,0.79786026,-1,-1,-1
87,-1,556.8006,175.39514,17.538757,12.785812,0.54596573,-1,-1,-1
88,-1,0.03564942,206.44525,78.5692,59.69345,0.9956052,-1,-1,-1
88,-1,603.5001,184.00017,58.032104,44.679962,0.9942299,-1,-1,-1
88,-1,465.30258,180.41974,64.62448,55.158356,0.98567086,-1,-1,-1
88,-1,156.76196,190.8844,119.480286,53.482437,0.98397344,-1,-1,-1
88,-1,546.3909,173.68843,13.8046875,14.084549,0.9418052,-1,-1,-1
88,-1,400.90018,180.38884,42.89746,31.444916,0.9152143,-1,-1,-1
88,-1,577.10547,174.25536,15.538391,13.798981,0.8835765,-1,-1,-1
88,-1,517.5843,172.78133,19.228027,17.321747,0.83577853,-1,-1,-1
88,-1,560.19946,176.65152,18.018005,12.465759,0.78319484,-1,-1,-1
89,-1,608.5346,182.97427,55.190613,46.621384,0.9960336,-1,-1,-1
89,-1,474.99854,180.83646,61.65033,52.925964,0.98574173,-1,-1,-1
89,-1,37.93559,192.44942,190.9787,76.603775,0.97929823,-1,-1,-1
89,-1,384.5962,180.71306,54.868683,33.699432,0.9306254,-1,-1,-1
89,-1,547.35126,174.46051,13.780457,12.314896,0.88636005,-1,-1,-1
89,-1,580.8484,174.28168,15.199219,13.611694,0.7482617,-1,-1,-1
89,-1,519.07025,173.67567,18.183228,16.669693,0.6578573,-1,-1,-1
90,-1,612.35406,183.09642,57.31897,47.669617,0.9967139,-1,-1,-1
90,-1,1.1595125,198.50418,156.17424,80.34018,0.9848807,-1,-1,-1
90,-1,484.1453,181.70137,58.980682,50.60193,0.9812478,-1,-1,-1
90,-1,548.85864,175.39412,14.888977,13.0008545,0.9684617,-1,-1,-1
90,-1,367.06,182.57632,61.40265,35.626144,0.9488359,-1,-1,-1
90,-1,584.4778,175.45906,14.891357,13.404419,0.79024583,-1,-1,-1
90,-1,519.1983,174.57584,19.004883,12.14241,0.72608817,-1,-1,-1
90,-1,564.6436,176.88435,20.962158,12.993454,0.69937485,-1,-1,-1
91,-1,615.5811,184.26738,57.389038,47.24324,0.99710923,-1,-1,-1
91,-1,0.0,202.85532,72.26827,77.45871,0.99230087,-1,-1,-1
91,-1,490.50986,180.6955,56.85025,51.095566,0.9862366,-1,-1,-1
91,-1,346.46805,182.00304,69.33127,38.770157,0.9622978,-1,-1,-1
91,-1,549.5625,175.25215,16.932068,13.378082,0.93613493,-1,-1,-1
91,-1,147.90007,195.59856,34.643494,20.766556,0.7513833,-1,-1,-1
91,-1,518.1955,174.18192,20.876953,10.094788,0.71310973,-1,-1,-1
91,-1,588.7921,174.4433,14.589722,13.268402,0.63443685,-1,-1,-1
91,-1,602.9926,174.89026,36.130676,16.885956,0.600258,-1,-1,-1
91,-1,568.89465,177.49953,20.36383,12.292328,0.5441729,-1,-1,-1
92,-1,620.8963,182.97559,55.96161,47.990738,0.9976756,-1,-1,-1
92,-1,498.28555,179.6995,54.90512,49.019257,0.9718837,-1,-1,-1
92,-1,318.6468,182.15868,82.9657,43.237198,0.94355947,-1,-1,-1
92,-1,549.876,174.61444,19.092712,13.429031,0.9247086,-1,-1,-1
92,-1,592.0812,174.12033,14.742737,13.062637,0.7868905,-1,-1,-1
92,-1,516.8655,173.65495,24.993164,8.872055,0.74685407,-1,-1,-1
92,-1,380.99628,168.70213,54.258606,42.30417,0.5686279,-1,-1,-1
92,-1,149.26183,195.92047,26.621582,13.16774,0.5211242,-1,-1,-1
93,-1,622.41766,182.21617,57.820374,47.654617,0.9975439,-1,-1,-1
93,-1,506.45862,179.54164,50.82379,46.653717,0.9773884,-1,-1,-1
93,-1,302.51575,182.04018,75.89337,43.694473,0.9648654,-1,-1,-1
93,-1,595.78394,174.05339,14.885193,12.526779,0.8706861,-1,-1,-1
93,-1,551.50854,173.72656,19.687561,12.829773,0.8228563,-1,-1,-1
93,-1,515.8158,173.298,26.204224,8.751999,0.6539342,-1,-1,-1
93,-1,136.27519,195.8625,36.351425,16.018967,0.6313442,-1,-1,-1
94,-1,627.5766,182.9744,58.447754,44.794266,0.9979043,-1,-1,-1
94,-1,513.84,179.72586,51.29547,45.02539,0.9859927,-1,-1,-1
94,-1,239.828,182.82843,113.23575,56.920395,0.9773118,-1,-1,-1
94,-1,552.718,174.30098,17.505981,12.789276,0.7316048,-1,-1,-1
94,-1,599.5172,173.85928,14.819702,11.751862,0.6867837,-1,-1,-1
94,-1,513.9598,173.14069,24.399109,19.06955,0.62660867,-1,-1,-1
95,-1,631.3446,183.82362,57.76361,42.9823,0.9980026,-1,-1,-1
95,-1,180.84772,184.77605,139.10739,62.04213,0.9872837,-1,-1,-1
95,-1,519.98834,180.30002,50.301086,43.00078,0.98301655,-1,-1,-1
95,-1,600.50055,174.1758,17.831848,11.852356,0.8760416,-1,-1,-1
95,-1,512.43634,174.05844,23.940125,20.674469,0.7701795,-1,-1,-1
96,-1,634.2696,183.71213,55.99066,46.48172,0.9966697,-1,-1,-1
96,-1,101.79855,187.08052,170.23413,72.492386,0.9830178,-1,-1,-1
96,-1,527.23315,180.20271,46.907898,42.421997,0.9734222,-1,-1,-1
96,-1,604.6023,173.96805,16.957825,12.926361,0.9102287,-1,-1,-1
96,-1,511.11597,174.2535,23.718262,21.455078,0.71158874,-1,-1,-1
96,-1,283.42477,169.00876,99.1254,58.484833,0.5827668,-1,-1,-1
97,-1,635.9271,183.70038,55.75421,42.251297,0.99663275,-1,-1,-1
97,-1,1.2782326,188.54059,206.05576,91.04666,0.9848898,-1,-1,-1
97,-1,529.8181,178.12521,49.522766,43.697266,0.96805054,-1,-1,-1
97,-1,506.37808,174.14569,27.82315,22.12735,0.901343,-1,-1,-1
97,-1,606.93604,173.77046,16.082153,12.573563,0.83617485,-1,-1,-1
98,-1,637.15137,181.05751,57.165344,46.69423,0.99690896,-1,-1,-1
98,-1,0.32778272,191.39569,119.36351,92.733185,0.97737074,-1,-1,-1
98,-1,535.816,174.84573,46.125244,45.093277,0.9242573,-1,-1,-1
98,-1,609.2449,172.15343,14.627991,12.079788,0.8395704,-1,-1,-1
98,-1,501.41803,173.58463,26.584778,21.048782,0.7873554,-1,-1,-1
99,-1,638.6288,180.51105,57.60797,46.529434,0.99681455,-1,-1,-1
99,-1,540.41675,176.40224,45.393005,42.610565,0.95515776,-1,-1,-1
99,-1,610.9311,172.36612,15.328247,12.271683,0.8867311,-1,-1,-1
99,-1,495.96265,173.76227,28.832886,21.689316,0.8000997,-1,-1,-1
99,-1,108.91889,198.62332,31.552727,18.91449,0.6939141,-1,-1,-1
99,-1,146.03375,165.22198,151.89545,83.574844,0.5382674,-1,-1,-1
100,-1,642.47723,183.08109,55.228943,44.27745,0.9960687,-1,-1,-1
100,-1,544.96,179.77501,44.765076,39.586685,0.9771896,-1,-1,-1
100,-1,537.632,177.93802,19.238953,16.4375,0.95181453,-1,-1,-1
100,-1,612.26025,174.67145,15.083435,11.710968,0.9070681,-1,-1,-1
100,-1,489.86002,175.27742,30.332184,24.726395,0.87675226,-1,-1,-1
100,-1,67.06328,165.98212,194.32463,94.85611,0.54211956,-1,-1,-1
101,-1,641.9817,183.28522,57.98004,47.66336,0.9973132,-1,-1,-1
101,-1,533.91956,179.51564,21.579956,17.333328,0.9860866,-1,-1,-1
101,-1,549.14215,179.2889,44.725708,39.685287,0.9787598,-1,-1,-1
101,-1,483.67505,177.26335,31.292542,25.566788,0.9137996,-1,-1,-1
101,-1,613.9281,175.64377,15.156677,11.571732,0.81046003,-1,-1,-1
101,-1,0.0,165.57237,208.10182,110.65254,0.7495597,-1,-1,-1
102,-1,643.30286,182.14168,57.791077,47.48535,0.99746835,-1,-1,-1
102,-1,554.16736,178.78911,41.417297,39.598557,0.9855437,-1,-1,-1
102,-1,529.7607,178.87358,24.945923,18.321411,0.9617121,-1,-1,-1
102,-1,475.9096,176.43353,34.885986,26.497437,0.92389333,-1,-1,-1
102,-1,615.45447,174.86444,15.357666,12.225616,0.73927724,-1,-1,-1
102,-1,629.7634,171.87686,31.63092,14.821579,0.72493565,-1,-1,-1
103,-1,643.5607,181.52678,59.75232,48.33922,0.9954737,-1,-1,-1
103,-1,557.8843,177.49892,41.395325,39.132736,0.96840906,-1,-1,-1
103,-1,525.08093,178.93456,24.703186,18.877304,0.9654238,-1,-1,-1
103,-1,467.89703,175.64859,39.147797,26.56572,0.90998536,-1,-1,-1
103,-1,62.11435,200.73392,42.28109,22.63478,0.89470786,-1,-1,-1
103,-1,617.3557,173.8394,13.9835205,12.102432,0.7419051,-1,-1,-1
104,-1,643.85706,181.37102,59.629395,48.58638,0.99684334,-1,-1,-1
104,-1,519.6956,178.41019,27.004883,18.890182,0.96085507,-1,-1,-1
104,-1,562.1943,176.55374,40.132874,38.849075,0.9470129,-1,-1,-1
104,-1,461.38443,175.07372,31.652313,27.191513,0.8948517,-1,-1,-1
104,-1,44.834244,201.45427,46.545975,20.867935,0.88441235,-1,-1,-1
104,-1,545.9896,175.51375,19.116272,14.7669525,0.8613352,-1,-1,-1
104,-1,618.56757,174.04639,13.125244,11.509201,0.65890664,-1,-1,-1
105,-1,647.4664,180.4385,58.39685,46.789566,0.99436957,-1,-1,-1
105,-1,447.4341,175.82162,38.625458,30.013107,0.96309793,-1,-1,-1
105,-1,513.6145,178.07191,28.904541,20.543655,0.9528841,-1,-1,-1
105,-1,566.15674,175.36745,39.203735,38.077927,0.952178,-1,-1,-1
105,-1,27.867533,203.54501,52.340416,20.09024,0.9414208,-1,-1,-1
105,-1,542.7086,174.48924,20.6875,16.047989,0.9181743,-1,-1,-1
105,-1,620.1035,172.94946,13.462036,11.920242,0.5741465,-1,-1,-1
106,-1,647.27136,180.70268,59.698914,45.137314,0.9971698,-1,-1,-1
106,-1,506.40698,178.12273,34.181274,22.658585,0.9710434,-1,-1,-1
106,-1,434.54492,174.86595,47.83014,32.8777,0.968252,-1,-1,-1
106,-1,569.3548,175.19858,37.883484,36.60988,0.96763366,-1,-1,-1
106,-1,9.840978,204.01242,56.966633,22.869873,0.9350423,-1,-1,-1
106,-1,542.02203,175.08067,19.748413,15.448868,0.8976983,-1,-1,-1
106,-1,619.91656,172.46521,14.664978,12.145569,0.8502249,-1,-1,-1
107,-1,648.65,179.09875,58.102173,45.98114,0.9957831,-1,-1,-1
107,-1,497.8974,178.65509,35.333557,22.535995,0.97520715,-1,-1,-1
107,-1,421.96634,174.15671,51.49283,35.88272,0.9613473,-1,-1,-1
107,-1,537.4972,174.58968,20.447632,15.70871,0.9132912,-1,-1,-1
107,-1,572.1274,174.33513,37.27411,37.241806,0.8759838,-1,-1,-1
107,-1,621.2273,171.91385,13.778564,11.833893,0.8629032,-1,-1,-1
107,-1,1.8154885,205.29097,52.008804,22.545715,0.81939363,-1,-1,-1
108,-1,649.5336,178.77907,57.530334,46.110565,0.995626,-1,-1,-1
108,-1,494.1758,178.34213,31.874664,23.370972,0.9769949,-1,-1,-1
108,-1,534.2785,174.71326,21.838501,16.711288,0.9661973,-1,-1,-1
108,-1,406.3342,175.13521,56.82788,37.34268,0.9206444,-1,-1,-1
108,-1,622.27484,171.86047,13.612366,11.503357,0.7513238,-1,-1,-1
108,-1,575.4797,174.67497,37.514954,34.725296,0.72868717,-1,-1,-1
108,-1,0.8874324,204.96002,39.16231,40.99443,0.6124296,-1,-1,-1
109,-1,649.1371,179.44542,59.326233,46.56279,0.99435544,-1,-1,-1
109,-1,529.9993,175.06189,22.56482,17.459167,0.9734224,-1,-1,-1
109,-1,0.3080876,205.7591,28.029785,26.407349,0.92118376,-1,-1,-1
109,-1,386.97452,175.2718,61.71396,39.70555,0.918462,-1,-1,-1
109,-1,480.41336,178.64618,38.08017,22.715637,0.7802411,-1,-1,-1
109,-1,622.29706,172.0544,14.454956,11.656784,0.7795617,-1,-1,-1
109,-1,578.2019,174.8927,36.64453,33.82602,0.65323687,-1,-1,-1
109,-1,480.77887,179.78294,21.505707,25.790848,0.6293033,-1,-1,-1
110,-1,649.5517,180.685,59.28015,43.39293,0.99497414,-1,-1,-1
110,-1,468.77045,179.81123,38.613037,26.116867,0.9776282,-1,-1,-1
110,-1,366.19485,176.743,67.14636,42.910675,0.95282614,-1,-1,-1
110,-1,527.917,174.9854,21.839966,18.417084,0.9399285,-1,-1,-1
110,-1,622.02313,172.00345,15.24585,12.16066,0.7414014,-1,-1,-1
110,-1,580.2139,174.29398,36.21582,36.01953,0.5638988,-1,-1,-1
111,-1,648.2571,181.1444,59.48828,43.098083,0.99501425,-1,-1,-1
111,-1,458.22778,180.09506,47.341858,30.098465,0.9663246,-1,-1,-1
111,-1,340.92526,175.2777,75.03146,46.232315,0.8969518,-1,-1,-1
111,-1,526.4656,176.39891,18.760193,17.428009,0.84774643,-1,-1,-1
111,-1,622.43384,172.68517,15.060242,11.96489,0.7932601,-1,-1,-1
111,-1,582.7362,174.72638,34.479492,35.2305,0.6488326,-1,-1,-1
112,-1,648.6002,182.0495,58.890503,42.583008,0.99478227,-1,-1,-1
112,-1,434.47263,181.84021,56.337555,33.013382,0.94795215,-1,-1,-1
112,-1,309.04333,175.6117,85.07602,51.11322,0.9313714,-1,-1,-1
112,-1,519.67694,176.53362,20.813538,17.449982,0.8388855,-1,-1,-1
112,-1,582.6223,175.85704,35.61389,32.899628,0.834677,-1,-1,-1
112,-1,622.67883,173.52458,14.151245,11.177689,0.7362951,-1,-1,-1
112,-1,635.25433,171.46034,16.900146,11.089264,0.55977124,-1,-1,-1
113,-1,646.9638,181.27083,58.78528,44.96736,0.9960199,-1,-1,-1
113,-1,416.93817,182.9934,60.66214,32.934326,0.9707666,-1,-1,-1
113,-1,268.81992,175.31532,100.79907,57.838715,0.9477938,-1,-1,-1
113,-1,582.6666,175.83046,36.032654,32.58531,0.8914019,-1,-1,-1
113,-1,621.34045,173.62102,14.3637085,11.106812,0.7730924,-1,-1,-1
113,-1,634.644,171.38979,17.482605,12.147263,0.514148,-1,-1,-1
114,-1,641.5085,180.91718,62.06604,45.03409,0.9942409,-1,-1,-1
114,-1,394.68542,182.19754,66.95166,38.93257,0.9875701,-1,-1,-1
114,-1,500.65305,176.86365,31.158356,20.776825,0.9864281,-1,-1,-1
114,-1,583.90436,177.09492,33.289124,30.290268,0.9177837,-1,-1,-1
114,-1,218.22531,175.66585,117.70288,65.594345,0.86984646,-1,-1,-1
114,-1,620.7481,174.09383,13.254089,10.754852,0.7145892,-1,-1,-1
115,-1,643.9881,183.0145,58.732178,42.093826,0.996203,-1,-1,-1
115,-1,363.6445,183.20071,76.53143,44.146317,0.99211955,-1,-1,-1
115,-1,492.18365,178.96756,30.22876,21.238037,0.9870821,-1,-1,-1
115,-1,154.8474,176.86366,140.68437,73.79129,0.9709826,-1,-1,-1
115,-1,584.7433,177.22972,32.10144,31.524353,0.86010927,-1,-1,-1
115,-1,616.8209,175.84932,15.666138,10.604004,0.6479536,-1,-1,-1
116,-1,641.89075,183.50916,58.2157,42.92244,0.9971668,-1,-1,-1
116,-1,482.78116,181.50592,31.420746,21.773712,0.9616348,-1,-1,-1
116,-1,65.12737,180.24399,184.62152,86.206024,0.95584023,-1,-1,-1
116,-1,327.50864,186.72647,89.46329,47.75728,0.946149,-1,-1,-1
116,-1,584.3834,177.9484,31.917908,32.46768,0.78772146,-1,-1,-1
116,-1,630.10095,174.07724,21.793701,12.616089,0.62289524,-1,-1,-1
116,-1,616.2632,176.753,15.097473,10.269501,0.5850064,-1,-1,-1
117,-1,639.79083,183.84656,57.223206,42.6008,0.99436474,-1,-1,-1
117,-1,471.73962,181.30609,34.421906,24.812302,0.9636941,-1,-1,-1
117,-1,1.498477,181.0212,181.33905,100.86055,0.9558811,-1,-1,-1
117,-1,278.49774,187.77946,103.2182,58.46872,0.811602,-1,-1,-1
117,-1,583.3613,179.72218,31.367615,29.613846,0.7352565,-1,-1,-1
117,-1,613.33795,176.52837,15.350952,10.879395,0.6711362,-1,-1,-1
117,-1,642.0938,174.40778,9.9644165,8.318481,0.6447703,-1,-1,-1
117,-1,627.2648,174.78433,18.267273,11.322189,0.5826098,-1,-1,-1
118,-1,636.84393,183.59412,57.612488,42.086044,0.9941902,-1,-1,-1
118,-1,214.44359,191.2035,137.38774,66.962265,0.97102743,-1,-1,-1
118,-1,459.36273,181.80348,38.31891,25.725174,0.96359277,-1,-1,-1
118,-1,0.8966593,183.33954,93.95489,100.28885,0.7267971,-1,-1,-1
118,-1,582.09143,179.1313,32.0094,31.9637,0.60530186,-1,-1,-1
118,-1,614.03796,176.72592,13.641724,9.659851,0.50372463,-1,-1,-1
119,-1,635.7859,183.55354,55.030457,39.76082,0.9956334,-1,-1,-1
119,-1,123.589905,191.0668,180.5224,84.88217,0.9817978,-1,-1,-1
119,-1,447.50342,181.70097,38.43274,27.61998,0.97839886,-1,-1,-1
119,-1,580.4909,180.09174,30.63971,27.409851,0.6243779,-1,-1,-1
119,-1,612.5739,175.62038,14.171387,9.959747,0.5487076,-1,-1,-1
120,-1,630.55005,182.78592,56.270325,41.54248,0.9962161,-1,-1,-1
120,-1,431.64743,181.8008,43.475494,28.943329,0.9879957,-1,-1,-1
120,-1,3.0236182,196.92973,224.61974,102.32475,0.98534936,-1,-1,-1
121,-1,627.04895,182.13391,56.69409,43.245377,0.99786735,-1,-1,-1
121,-1,412.98145,182.47719,49.6774,29.948471,0.99028367,-1,-1,-1
121,-1,0.56568485,200.58049,143.10611,109.33638,0.99018514,-1,-1,-1
121,-1,577.16656,178.44835,29.982727,28.941483,0.8629796,-1,-1,-1
121,-1,607.7556,175.75592,14.089294,9.391968,0.60100025,-1,-1,-1
122,-1,624.6444,183.20544,56.736694,44.21086,0.9976714,-1,-1,-1
122,-1,394.4107,183.42091,53.259552,33.173035,0.9902171,-1,-1,-1
122,-1,30.342333,194.04628,88.722755,30.261597,0.7149663,-1,-1,-1
122,-1,574.887,179.11516,28.600952,28.277115,0.64755523,-1,-1,-1
123,-1,621.85364,183.98473,54.937866,42.80455,0.99776554,-1,-1,-1
123,-1,371.58923,184.29778,60.298126,35.47635,0.9267335,-1,-1,-1
123,-1,57.67739,198.79991,46.78115,22.144775,0.70925397,-1,-1,-1
123,-1,573.704,178.97128,28.953003,28.413834,0.5927082,-1,-1,-1
123,-1,603.2492,177.1231,14.006226,10.010422,0.5382339,-1,-1,-1
123,-1,615.3768,176.1164,17.154358,10.771927,0.53213805,-1,-1,-1
124,-1,619.9852,183.7651,53.812927,42.29117,0.9971938,-1,-1,-1
124,-1,347.17007,184.48445,64.80911,38.40541,0.83251446,-1,-1,-1
124,-1,27.111526,199.25745,61.07041,24.521103,0.8062146,-1,-1,-1
124,-1,571.91534,180.0789,28.311523,25.67453,0.6536572,-1,-1,-1
124,-1,600.25543,176.93922,14.335815,9.523102,0.64907056,-1,-1,-1
125,-1,617.2768,183.97536,53.558228,38.833344,0.99773896,-1,-1,-1
125,-1,314.13327,185.3983,76.37799,41.387955,0.90226716,-1,-1,-1
125,-1,600.7068,176.02475,13.264893,10.567535,0.77793336,-1,-1,-1
125,-1,610.8082,174.31178,16.05658,13.435394,0.5183123,-1,-1,-1
126,-1,615.40027,184.02158,53.32379,38.16838,0.99722797,-1,-1,-1
126,-1,276.06857,186.07523,87.18704,45.473175,0.9750735,-1,-1,-1
126,-1,1.9970073,200.51933,58.577644,28.970428,0.8817583,-1,-1,-1
126,-1,569.77997,178.28452,27.103394,26.289948,0.6852875,-1,-1,-1
126,-1,597.94543,176.59573,14.382263,9.891449,0.6165553,-1,-1,-1
126,-1,101.04095,198.87169,35.20864,14.119583,0.61080235,-1,-1,-1
127,-1,612.73895,184.156,52.893494,38.109085,0.9973156,-1,-1,-1
127,-1,229.72133,187.65588,102.20952,51.42488,0.9452874,-1,-1,-1
127,-1,568.0843,179.71236,24.96399,22.9682,0.80732715,-1,-1,-1
127,-1,0.8526556,201.94135,41.407272,27.451157,0.7092629,-1,-1,-1
127,-1,84.85908,199.7076,35.463737,15.636734,0.6885656,-1,-1,-1
127,-1,597.8601,175.8092,12.902466,9.8103485,0.66960555,-1,-1,-1
127,-1,607.2314,174.61377,14.89917,11.827103,0.50589544,-1,-1,-1
128,-1,609.2495,183.18535,51.986877,40.619553,0.9965268,-1,-1,-1
128,-1,171.86096,191.12149,119.975525,57.40561,0.9786067,-1,-1,-1
128,-1,566.3073,180.5042,24.84674,22.921387,0.8254929,-1,-1,-1
128,-1,591.73193,175.81564,28.822876,21.481613,0.7166666,-1,-1,-1
128,-1,0.66519934,205.49649,21.015146,21.139572,0.5722545,-1,-1,-1
129,-1,607.3366,182.48488,51.318237,41.74742,0.99767166,-1,-1,-1
129,-1,95.28615,191.63042,151.96814,71.051346,0.96722054,-1,-1,-1
129,-1,565.3634,181.00542,24.952026,22.7229,0.7524735,-1,-1,-1
130,-1,606.24414,182.99411,49.38684,39.98546,0.99636143,-1,-1,-1
130,-1,1.2750906,196.1349,179.1898,80.97447,0.9773018,-1,-1,-1
130,-1,564.3273,179.54808,24.642029,23.332306,0.6330693,-1,-1,-1
130,-1,594.13477,174.78087,12.260864,10.248611,0.5373358,-1,-1,-1
131,-1,602.17914,181.19421,52.580933,41.20369,0.9979055,-1,-1,-1
131,-1,0.6623648,197.70485,101.800186,82.05315,0.9924839,-1,-1,-1
131,-1,562.8237,177.83647,26.049866,25.140564,0.8650111,-1,-1,-1
131,-1,615.0668,171.26932,9.609131,8.560806,0.6306243,-1,-1,-1
131,-1,593.051,174.08443,10.990967,9.002075,0.589628,-1,-1,-1
132,-1,599.6529,181.67097,51.81775,39.171753,0.9980096,-1,-1,-1
132,-1,561.4769,177.76178,24.701294,23.502884,0.79330516,-1,-1,-1
132,-1,592.524,172.53288,10.914673,9.168045,0.75261015,-1,-1,-1
133,-1,598.5805,182.56966,51.370117,39.135498,0.99667406,-1,-1,-1
133,-1,560.3018,177.63579,24.025452,23.509094,0.82644176,-1,-1,-1
134,-1,595.41486,182.29262,50.812317,40.509125,0.9964888,-1,-1,-1
134,-1,559.00916,178.46526,23.844727,22.625992,0.9259493,-1,-1,-1
135,-1,593.6481,183.63626,50.16815,38.286438,0.9973304,-1,-1,-1
135,-1,558.0503,179.4794,23.810425,22.287766,0.9344816,-1,-1,-1
135,-1,547.2813,179.06293,13.158325,11.37767,0.669917,-1,-1,-1
136,-1,592.3145,184.62823,49.995483,38.994568,0.9973515,-1,-1,-1
136,-1,557.2763,180.7459,23.65033,21.844666,0.84759057,-1,-1,-1
136,-1,580.7777,178.1471,19.157715,18.886246,0.6614915,-1,-1,-1
137,-1,591.08856,185.49988,50.77191,38.438644,0.99644226,-1,-1,-1
137,-1,558.15564,181.17126,22.639465,22.133118,0.9224986,-1,-1,-1
137,-1,545.51544,180.15118,16.392334,13.573441,0.7561815,-1,-1,-1
137,-1,580.23926,176.602,18.929932,21.35382,0.57573277,-1,-1,-1
137,-1,598.73425,175.7805,12.486511,8.859436,0.5469043,-1,-1,-1
138,-1,590.1094,186.56645,50.1792,38.781464,0.9937471,-1,-1,-1
138,-1,558.05023,181.00732,22.682434,22.271225,0.96224296,-1,-1,-1
138,-1,588.2385,176.72346,11.035217,8.959015,0.7663593,-1,-1,-1
138,-1,544.0167,179.86824,18.5979,14.374268,0.6367461,-1,-1,-1
138,-1,579.7697,177.08087,19.476868,21.262634,0.57188934,-1,-1,-1
139,-1,590.59344,185.58987,47.416626,39.459824,0.9957163,-1,-1,-1
139,-1,557.7191,180.5706,22.832336,21.694214,0.95736027,-1,-1,-1
139,-1,579.57776,182.38734,20.249023,15.866974,0.76981896,-1,-1,-1
140,-1,586.7575,184.09195,49.420044,38.83371,0.99716634,-1,-1,-1
140,-1,558.0721,178.34021,22.729858,22.373749,0.963959,-1,-1,-1
140,-1,578.5302,179.83562,20.005737,17.758469,0.7900439,-1,-1,-1
140,-1,586.6042,173.93855,12.645996,10.051697,0.6117934,-1,-1,-1
140,-1,609.32416,173.17035,8.823975,8.362473,0.6039949,-1,-1,-1
141,-1,587.46185,184.61836,47.877197,39.293976,0.9959623,-1,-1,-1
141,-1,558.3386,178.26547,21.956482,21.399734,0.9029891,-1,-1,-1
141,-1,578.2121,179.21033,20.967224,18.246124,0.7992761,-1,-1,-1
141,-1,545.66425,178.18448,16.36847,18.227081,0.5088326,-1,-1,-1
142,-1,588.8319,184.0402,46.325745,38.744293,0.99546635,-1,-1,-1
142,-1,557.87024,177.26106,23.291138,21.588943,0.9604263,-1,-1,-1
142,-1,579.0509,178.9664,21.780334,17.551025,0.7985215,-1,-1,-1
142,-1,586.4811,173.47647,13.033569,9.420456,0.52110714,-1,-1,-1
143,-1,588.9629,183.0138,44.94153,38.629593,0.997292,-1,-1,-1
143,-1,558.3738,177.47887,22.245605,21.611221,0.94548166,-1,-1,-1
143,-1,579.0962,177.46465,20.392334,19.137085,0.7106261,-1,-1,-1
144,-1,586.85864,184.05077,47.26941,37.807587,0.99707603,-1,-1,-1
144,-1,557.8125,176.88844,23.010315,22.284546,0.93358827,-1,-1,-1
144,-1,579.0794,179.38745,18.745667,17.626938,0.5208346,-1,-1,-1
145,-1,586.01086,183.31558,47.181946,37.824783,0.9965145,-1,-1,-1
145,-1,556.3153,176.2818,24.870178,22.37001,0.934381,-1,-1,-1
145,-1,585.8022,171.95163,11.472778,9.08696,0.5573722,-1,-1,-1
146,-1,585.32056,183.60693,48.48346,36.872437,0.9958248,-1,-1,-1
146,-1,556.95,176.40958,23.448486,22.319794,0.90097374,-1,-1,-1
146,-1,578.6152,179.4075,20.64038,19.563171,0.5842925,-1,-1,-1
147,-1,584.3086,184.29509,49.546448,36.278793,0.9954437,-1,-1,-1
147,-1,559.14246,177.72934,20.392273,21.237076,0.88852435,-1,-1,-1
147,-1,578.27325,179.63364,21.08081,19.476501,0.7462061,-1,-1,-1
147,-1,584.9151,174.36726,13.072449,9.213547,0.5042142,-1,-1,-1
148,-1,582.41656,185.68005,48.83069,37.833755,0.99675316,-1,-1,-1
148,-1,555.11224,179.4482,26.841125,22.825836,0.784728,-1,-1,-1
148,-1,583.86957,176.22343,14.858276,10.950989,0.57547164,-1,-1,-1
148,-1,606.6986,174.29344,8.250366,8.16217,0.56317914,-1,-1,-1
149,-1,582.7838,187.30217,45.70227,36.398193,0.9951407,-1,-1,-1
149,-1,556.5234,180.60603,23.105469,20.587555,0.9393417,-1,-1,-1
150,-1,582.66296,184.8184,47.48053,39.292038,0.9939196,-1,-1,-1
150,-1,556.14215,179.47156,24.208801,21.049896,0.89875644,-1,-1,-1
151,-1,583.1167,183.47687,45.30597,38.0972,0.9946523,-1,-1,-1
151,-1,557.14105,177.54782,23.18695,20.676239,0.93750006,-1,-1,-1
151,-1,585.7263,174.86038,12.464783,9.353531,0.59113204,-1,-1,-1
152,-1,581.1053,184.12958,48.231873,38.622757,0.9962781,-1,-1,-1
152,-1,556.31647,177.72615,23.932495,21.019943,0.95054716,-1,-1,-1
152,-1,585.65875,174.85417,11.065613,9.064896,0.5729506,-1,-1,-1
153,-1,580.95233,184.14995,47.769714,39.220367,0.9950958,-1,-1,-1
153,-1,557.4052,179.18604,22.571167,21.140915,0.91798586,-1,-1,-1
153,-1,604.628,174.43416,9.497803,8.319885,0.7550883,-1,-1,-1
153,-1,578.08527,176.14946,20.222961,21.466171,0.6574365,-1,-1,-1
154,-1,581.4521,185.06224,46.658997,37.813263,0.99720937,-1,-1,-1
154,-1,557.39905,179.29013,22.14447,20.663025,0.9230265,-1,-1,-1
154,-1,605.3229,174.72444,8.590088,7.565567,0.7108223,-1,-1,-1
154,-1,575.90704,178.52513,21.27893,19.680756,0.6500043,-1,-1,-1
154,-1,585.02014,175.73685,11.409607,9.61734,0.50095755,-1,-1,-1
155,-1,579.6635,184.53494,49.29657,38.336365,0.99659,-1,-1,-1
155,-1,558.19696,178.19519,22.423279,20.05893,0.93263525,-1,-1,-1
155,-1,585.1484,175.37349,11.177124,9.033493,0.6642577,-1,-1,-1
155,-1,577.11334,176.04425,28.482727,21.423508,0.55337834,-1,-1,-1
155,-1,605.9679,174.95123,8.68335,7.2381287,0.5273932,-1,-1,-1
156,-1,578.7148,185.41821,50.768555,37.645798,0.99631304,-1,-1,-1
156,-1,558.32965,178.1534,21.790161,20.163742,0.9256883,-1,-1,-1
156,-1,585.1534,175.83255,11.203552,8.612991,0.79358095,-1,-1,-1
156,-1,604.24133,175.11113,9.137878,6.9864807,0.5022364,-1,-1,-1
157,-1,581.04144,184.07405,47.17157,38.44722,0.9958758,-1,-1,-1
157,-1,557.68604,178.15938,21.606812,19.848175,0.9380326,-1,-1,-1
157,-1,585.4087,175.6099,10.496338,8.292633,0.816158,-1,-1,-1
157,-1,576.93756,179.24423,18.361572,16.41159,0.55984414,-1,-1,-1
158,-1,581.06635,182.56541,45.612183,39.14682,0.9963012,-1,-1,-1
158,-1,557.21515,176.89249,20.849548,19.69133,0.8888495,-1,-1,-1
158,-1,585.0043,174.357,10.85437,9.105743,0.64809257,-1,-1,-1
159,-1,582.2971,179.61221,45.099487,37.724228,0.99788374,-1,-1,-1
159,-1,549.4105,173.97107,29.02246,22.133255,0.9160079,-1,-1,-1
160,-1,582.40356,178.97192,45.530945,37.7744,0.9976544,-1,-1,-1
160,-1,555.9416,173.5472,22.675598,20.755905,0.9339604,-1,-1,-1
160,-1,576.1422,171.21378,24.140198,20.151138,0.6936424,-1,-1,-1
161,-1,582.6658,181.0481,45.11139,38.9404,0.99700624,-1,-1,-1
161,-1,553.5437,175.9207,24.46698,20.449966,0.9398926,-1,-1,-1
161,-1,576.6089,172.07182,20.590698,22.963196,0.77881193,-1,-1,-1
162,-1,581.44824,181.1291,46.671936,39.620544,0.9970145,-1,-1,-1
162,-1,556.1812,176.54501,21.443604,20.263794,0.87453055,-1,-1,-1
162,-1,575.60016,174.6322,20.439575,18.914093,0.77524453,-1,-1,-1
162,-1,582.45654,173.09926,13.874084,9.326248,0.73085195,-1,-1,-1
163,-1,581.48364,181.19716,44.203735,36.964066,0.9985139,-1,-1,-1
163,-1,556.59076,176.55154,21.130615,20.948807,0.90424204,-1,-1,-1
163,-1,581.91504,172.63841,12.507324,9.125488,0.6463207,-1,-1,-1
163,-1,575.31964,174.8957,20.081055,18.305725,0.6455196,-1,-1,-1
163,-1,588.0588,172.57838,15.129395,8.585312,0.55032873,-1,-1,-1
164,-1,581.37933,181.29347,45.31543,37.376465,0.9985404,-1,-1,-1
164,-1,575.8711,172.89008,28.28888,20.044785,0.7441205,-1,-1,-1
164,-1,557.47876,176.22891,22.460693,21.249283,0.69004005,-1,-1,-1
165,-1,580.65173,182.23402,45.626343,36.402664,0.997503,-1,-1,-1
165,-1,557.9347,176.89436,19.831055,20.839432,0.88259125,-1,-1,-1
165,-1,575.41565,174.34148,29.438354,19.961105,0.56674623,-1,-1,-1
166,-1,580.347,183.40594,45.76703,37.421585,0.99762434,-1,-1,-1
166,-1,557.2314,176.80324,20.52649,20.710266,0.82348055,-1,-1,-1
166,-1,575.65497,180.35063,16.976807,14.548279,0.5784686,-1,-1,-1
167,-1,578.7774,183.77829,45.04358,38.185898,0.99595344,-1,-1,-1
167,-1,556.1995,177.25595,20.346863,19.816696,0.91285205,-1,-1,-1
167,-1,580.3531,179.5626,40.052734,16.037155,0.5416237,-1,-1,-1
168,-1,577.43317,183.13998,48.36261,38.83609,0.99468863,-1,-1,-1
168,-1,555.6191,177.08003,21.903137,18.390488,0.93519026,-1,-1,-1
169,-1,578.9839,181.70073,46.140686,37.616486,0.99521106,-1,-1,-1
169,-1,557.0491,177.19774,23.789917,19.654205,0.9510808,-1,-1,-1
170,-1,577.82074,180.07103,48.13141,38.269302,0.99834204,-1,-1,-1
170,-1,557.49713,175.34344,25.347107,20.046432,0.97112167,-1,-1,-1
170,-1,589.4215,172.8918,12.5581665,7.7454834,0.55814755,-1,-1,-1
171,-1,579.028,178.71341,48.491028,38.42935,0.99668956,-1,-1,-1
171,-1,557.6346,174.17462,25.45752,20.82286,0.9400274,-1,-1,-1
171,-1,582.7686,171.6417,19.60846,11.129211,0.56658125,-1,-1,-1
172,-1,580.3088,178.22212,46.478516,39.350845,0.9960712,-1,-1,-1
172,-1,558.4609,174.08281,19.89563,19.180237,0.92848545,-1,-1,-1
172,-1,574.8066,171.52449,27.488464,20.769974,0.57376355,-1,-1,-1
173,-1,580.3275,179.1495,46.57892,38.5802,0.9956573,-1,-1,-1
173,-1,558.5823,174.69579,20.072388,18.73497,0.9612975,-1,-1,-1
173,-1,578.46,172.02608,22.338135,21.24556,0.8037118,-1,-1,-1
174,-1,580.5803,177.91066,45.75586,41.287918,0.99364763,-1,-1,-1
174,-1,559.6121,174.71089,20.115051,18.56601,0.88596094,-1,-1,-1
174,-1,578.77344,171.31332,22.723816,23.410797,0.6959156,-1,-1,-1
175,-1,580.2263,180.22777,47.99823,39.636063,0.99585515,-1,-1,-1
175,-1,560.50885,174.44806,17.879211,19.645172,0.803303,-1,-1,-1
176,-1,580.5357,180.82578,48.035217,38.953125,0.9961224,-1,-1,-1
176,-1,560.46313,174.57292,18.137878,18.86319,0.8929914,-1,-1,-1
176,-1,584.7892,172.98106,10.696289,8.940506,0.7548136,-1,-1,-1
176,-1,578.14264,171.8872,18.258545,21.407455,0.6422057,-1,-1,-1
177,-1,581.97437,180.98584,46.269653,37.040222,0.99530244,-1,-1,-1
177,-1,560.672,174.0607,18.083496,18.471405,0.92516947,-1,-1,-1
177,-1,585.388,172.35138,12.024841,9.371201,0.7086113,-1,-1,-1
177,-1,586.9574,170.90958,16.306274,11.34964,0.63867736,-1,-1,-1
178,-1,580.7477,179.35411,48.616394,38.852554,0.9975904,-1,-1,-1
178,-1,560.8164,172.48473,17.568848,18.64354,0.91145015,-1,-1,-1
178,-1,584.91815,170.50754,12.816223,9.992432,0.62284976,-1,-1,-1
178,-1,578.4367,170.5641,20.738464,18.16835,0.62255025,-1,-1,-1
179,-1,580.7168,179.95102,49.11975,38.45645,0.99579215,-1,-1,-1
179,-1,561.4773,173.00847,17.762695,17.940292,0.94495153,-1,-1,-1
179,-1,578.5936,171.76375,24.527649,18.875977,0.6454856,-1,-1,-1
180,-1,581.5656,180.64847,47.826233,36.891525,0.9969103,-1,-1,-1
180,-1,561.3367,173.2172,18.297668,18.369095,0.9314713,-1,-1,-1
181,-1,582.3497,181.23738,48.019714,37.12378,0.99562526,-1,-1,-1
181,-1,562.3378,173.75203,17.897095,18.624939,0.9362669,-1,-1,-1
182,-1,580.34314,182.87827,50.774475,38.341553,0.993522,-1,-1,-1
182,-1,562.27106,174.23463,18.152405,19.330551,0.83165103,-1,-1,-1
182,-1,586.4875,172.94109,13.18927,8.515152,0.6751338,-1,-1,-1
182,-1,578.56885,173.50374,18.645264,20.589508,0.5810058,-1,-1,-1
183,-1,582.3409,184.10573,48.071472,37.92546,0.995291,-1,-1,-1
183,-1,562.76807,175.71886,18.096436,17.800613,0.87036693,-1,-1,-1
183,-1,586.79224,173.6369,11.447754,8.214584,0.6842289,-1,-1,-1
183,-1,578.06006,174.8851,20.100708,20.344421,0.57016283,-1,-1,-1
184,-1,581.40625,183.67917,49.237488,37.487366,0.99531955,-1,-1,-1
184,-1,563.03296,175.81645,17.765137,17.603378,0.8168687,-1,-1,-1
184,-1,586.16833,173.30235,12.066406,8.162079,0.6926286,-1,-1,-1
184,-1,599.68555,172.51437,12.154846,8.399475,0.5355404,-1,-1,-1
185,-1,583.8841,182.14891,49.512268,39.017975,0.996624,-1,-1,-1
185,-1,563.6409,173.72353,17.06543,18.82666,0.8007915,-1,-1,-1
185,-1,580.5789,173.10847,18.29303,20.841965,0.5872676,-1,-1,-1
185,-1,586.36414,173.0632,12.358337,8.024933,0.56943923,-1,-1,-1
186,-1,583.8861,181.99731,49.058167,37.970444,0.9964604,-1,-1,-1
186,-1,580.4045,172.15042,21.21228,21.014008,0.7522672,-1,-1,-1
186,-1,563.8075,173.44264,17.171326,17.426025,0.7211467,-1,-1,-1
186,-1,587.63275,171.44786,17.046875,9.060532,0.577445,-1,-1,-1
187,-1,584.99133,180.821,47.969055,38.51361,0.9979075,-1,-1,-1
187,-1,563.1327,172.2347,19.1109,17.924881,0.8107678,-1,-1,-1
187,-1,581.4829,171.24297,20.12732,21.142075,0.52820307,-1,-1,-1
188,-1,584.4605,180.85037,47.764465,39.346954,0.9976023,-1,-1,-1
188,-1,563.7721,172.06253,19.221558,17.84761,0.83019465,-1,-1,-1
189,-1,585.25696,182.04692,47.924072,38.096436,0.9963683,-1,-1,-1
189,-1,564.1587,173.51526,19.331177,18.225739,0.8907132,-1,-1,-1
189,-1,612.07245,172.58214,9.314392,8.098801,0.5486213,-1,-1,-1
189,-1,587.5092,170.73506,18.43518,11.048218,0.5384565,-1,-1,-1
190,-1,585.6036,183.54655,49.784607,36.363647,0.99742895,-1,-1,-1
190,-1,586.75867,173.4695,11.653503,8.103622,0.7646453,-1,-1,-1
190,-1,563.842,174.47595,19.49414,18.122055,0.7157438,-1,-1,-1
190,-1,580.82056,177.55624,19.490295,16.049698,0.553135,-1,-1,-1
191,-1,586.5211,183.58072,45.879517,37.996063,0.9974764,-1,-1,-1
191,-1,564.0131,175.02272,19.104187,17.90506,0.8290781,-1,-1,-1
191,-1,587.7337,173.2958,10.511108,8.675125,0.52873975,-1,-1,-1
192,-1,586.6613,184.09299,47.527344,36.98947,0.9974255,-1,-1,-1
192,-1,565.3185,173.95322,18.830627,17.768997,0.86585927,-1,-1,-1
192,-1,586.5723,173.10188,12.813965,8.703232,0.5999238,-1,-1,-1
192,-1,581.70667,174.33755,19.986694,17.818344,0.524763,-1,-1,-1
193,-1,586.1441,181.5549,48.642517,38.92325,0.99782014,-1,-1,-1
193,-1,565.68823,173.54086,18.683228,17.189316,0.81330717,-1,-1,-1
193,-1,581.05853,172.50526,23.625122,18.559296,0.72015256,-1,-1,-1
193,-1,586.7711,172.05391,12.6154785,8.777786,0.57836515,-1,-1,-1
194,-1,586.9222,183.33699,48.087585,36.246964,0.99630475,-1,-1,-1
194,-1,566.50903,173.75029,18.269592,17.299576,0.7837351,-1,-1,-1
194,-1,581.6363,172.68521,22.714722,18.140793,0.6277342,-1,-1,-1
194,-1,587.6808,172.5167,12.165894,8.3038025,0.61272,-1,-1,-1
195,-1,587.5683,182.73492,46.901123,39.268616,0.99702805,-1,-1,-1
195,-1,566.73224,174.94247,18.281189,17.086823,0.8350985,-1,-1,-1
195,-1,581.5261,173.67989,20.895996,18.50328,0.6598409,-1,-1,-1
195,-1,588.7001,173.09558,11.815674,8.0802765,0.58402336,-1,-1,-1
196,-1,588.748,183.44865,48.268433,38.8228,0.9966552,-1,-1,-1
196,-1,566.8316,176.19624,18.522156,17.04921,0.8216632,-1,-1,-1
196,-1,582.88275,173.65504,18.230652,20.874847,0.666004,-1,-1,-1
196,-1,607.43164,175.08409,10.669189,7.459549,0.51434755,-1,-1,-1
197,-1,588.22876,182.72084,46.64215,39.882202,0.9980052,-1,-1,-1
197,-1,566.3831,174.13951,19.856323,17.61023,0.8577316,-1,-1,-1
197,-1,582.34937,174.19052,16.329407,19.95636,0.7406021,-1,-1,-1
197,-1,588.4445,173.30011,10.841309,7.887085,0.55184895,-1,-1,-1
198,-1,588.0518,182.26749,46.92108,39.044968,0.99745244,-1,-1,-1
198,-1,566.66547,173.53087,17.464111,17.110626,0.8830401,-1,-1,-1
198,-1,582.5165,171.89871,17.882507,19.514084,0.80281997,-1,-1,-1
198,-1,585.462,172.45619,13.4104,8.756058,0.57944566,-1,-1,-1
199,-1,586.1048,179.95885,49.12195,38.767532,0.99788874,-1,-1,-1
199,-1,565.8862,172.52867,17.32727,16.67688,0.9074436,-1,-1,-1
199,-1,582.18,171.18134,20.930786,20.382782,0.6429496,-1,-1,-1
200,-1,585.9179,178.91539,49.469543,38.55487,0.99771845,-1,-1,-1
200,-1,565.6722,172.1599,17.093262,16.756653,0.93849784,-1,-1,-1
200,-1,581.4849,170.04909,17.041504,18.772888,0.8185296,-1,-1,-1
201,-1,585.358,179.04384,49.404053,38.90132,0.99715734,-1,-1,-1
201,-1,565.2876,172.52231,18.18103,16.021835,0.90130967,-1,-1,-1
201,-1,580.956,171.67735,17.728699,17.56668,0.66006136,-1,-1,-1
202,-1,584.2362,179.34915,49.20862,38.918976,0.99449325,-1,-1,-1
202,-1,565.13885,173.02904,17.516968,16.13124,0.9128274,-1,-1,-1
202,-1,581.07,170.22134,15.378357,20.204605,0.86288345,-1,-1,-1
203,-1,585.01953,177.8069,49.208008,40.335632,0.9963929,-1,-1,-1
203,-1,564.5061,172.7817,17.476929,16.622162,0.9276622,-1,-1,-1
203,-1,581.017,170.64183,15.705933,19.59433,0.8610969,-1,-1,-1
204,-1,585.1892,179.40831,49.54663,38.988464,0.994549,-1,-1,-1
204,-1,564.34393,172.79353,18.184265,16.937088,0.882989,-1,-1,-1
204,-1,581.04474,171.02963,16.423523,19.62741,0.82746106,-1,-1,-1
205,-1,584.67236,180.85237,50.65503,37.84021,0.9969791,-1,-1,-1
205,-1,563.6748,173.6549,18.060852,17.088882,0.91141856,-1,-1,-1
205,-1,581.1375,173.44814,18.338684,18.634964,0.71701705,-1,-1,-1
206,-1,585.2749,179.50674,48.629578,39.16159,0.99505013,-1,-1,-1
206,-1,563.7146,173.40808,17.49469,16.481506,0.89134514,-1,-1,-1
206,-1,581.2909,172.20497,16.960876,17.216492,0.7189065,-1,-1,-1
206,-1,314.39426,171.11029,26.139984,20.941757,0.62220436,-1,-1,-1
207,-1,584.12537,180.59631,50.364075,37.205933,0.994588,-1,-1,-1
207,-1,563.42163,172.9308,18.050842,15.839966,0.8301295,-1,-1,-1
207,-1,578.6844,173.10323,15.371338,16.42694,0.799557,-1,-1,-1
207,-1,581.1428,171.93579,12.112427,10.098984,0.5799546,-1,-1,-1
208,-1,584.7001,179.52992,48.27838,37.742447,0.99698573,-1,-1,-1
208,-1,578.867,172.40862,15.630981,16.642105,0.60816795,-1,-1,-1
208,-1,564.00525,172.4437,17.947083,16.154541,0.5435943,-1,-1,-1
209,-1,583.3333,175.89491,48.378113,42.16194,0.99481106,-1,-1,-1
209,-1,578.4694,169.3174,14.165649,18.908234,0.8854439,-1,-1,-1
209,-1,563.1231,171.12987,18.873169,17.062973,0.8202486,-1,-1,-1
209,-1,304.5341,170.33801,23.73877,21.529282,0.56136566,-1,-1,-1
210,-1,583.9505,176.28499,47.474243,40.446716,0.9961463,-1,-1,-1
210,-1,563.59125,170.36334,18.044556,17.571686,0.8264344,-1,-1,-1
210,-1,579.6576,170.37036,15.048462,18.001923,0.73552155,-1,-1,-1
210,-1,298.50342,171.21227,25.202637,19.88086,0.52522814,-1,-1,-1
211,-1,582.8004,176.3895,48.25293,39.598175,0.99653447,-1,-1,-1
211,-1,578.75336,170.466,16.12378,18.25142,0.7447863,-1,-1,-1
211,-1,563.645,170.34496,18.76947,17.897842,0.7202248,-1,-1,-1
211,-1,290.6461,169.90126,30.567413,20.54425,0.56338435,-1,-1,-1
212,-1,582.675,178.0956,49.25708,38.43486,0.9970716,-1,-1,-1
212,-1,564.885,170.39171,16.98407,18.18219,0.7927222,-1,-1,-1
212,-1,579.4163,170.28777,15.739502,18.440567,0.7903373,-1,-1,-1
213,-1,583.48486,178.36548,48.188416,39.242386,0.99613225,-1,-1,-1
213,-1,565.6458,172.26337,16.951233,16.753677,0.691029,-1,-1,-1
213,-1,576.99164,172.35477,16.645325,17.037064,0.64392924,-1,-1,-1
214,-1,583.1266,177.43437,51.33789,38.58716,0.99636286,-1,-1,-1
214,-1,565.35065,171.92062,16.23993,17.189163,0.8455707,-1,-1,-1
214,-1,297.72296,170.62163,81.98825,28.202454,0.67387855,-1,-1,-1
214,-1,578.6769,171.275,15.5401,16.991913,0.6623497,-1,-1,-1
